Model code is 0_50_7948
Params:
general config model_type: VRPSCD, operation: train, trials: 1000000, code: 0_50_7948, base_address: Models/Min/VRPSCD/, nb: 15, instance_count: None, start_train_trial: 0
instance config n: 0, m: 0, capacity: [50], duration_limit: 103.05, real_duration_limit: [103.05], density_class: 0, stoch_type: None, depot: [50, 50]
rl config nb: 15, generalized: 1, preempt_action: 1, trials: 1000000, gama: 0.999, lr: 0.0005, memory_size: 100000, batch_size: 128, update_freq: 15, replace_target_iter: 10000, test_every: 10000, net_struct: 4, ep_max: 500000, update_prob: 0.04, lr_decay: [100000.0, 2000000.0, 0.001, 0.0001, 10000.0], q_steps: 1, use_double_qn: 1

Trials	#trains	reward	time	loss
1000	610	111.90	8.2	0.036241	0.000000	0
2000	1242	112.27	14.0	0.032302	0.000000	0
3000	1855	110.49	20.6	0.029100	0.000000	0
4000	2463	111.85	26.8	0.026464	0.000000	0
5000	3131	112.58	31.8	0.026115	0.000000	0
6000	3778	112.20	37.3	0.024149	0.000000	0
7000	4389	112.78	42.8	0.025255	0.000000	0
8000	5011	111.42	48.2	0.023248	0.000000	0
9000	5657	112.85	53.7	0.023567	0.000000	0
10000	6225	114.45	58.9	0.024308	0.000000	0
154.87 4.34 20.09 14.87 0.43 1.13 2.38 0.0 []
11000	6840	113.63	68.9	0.010422	0.000000	0
12000	7445	114.71	74.4	0.009043	0.000000	0
13000	8062	115.82	80.1	0.008416	0.000000	0
14000	8700	116.19	86.0	0.008330	0.000000	0
15000	9329	117.52	91.9	0.007986	0.000000	0
16000	9988	116.59	98.0	0.008033	0.000000	0
17000	10619	118.54	104.0	0.007722	0.000000	0
18000	11305	119.03	110.4	0.007679	0.000000	0
19000	11936	119.48	116.7	0.007623	0.000000	0
20000	12555	120.24	122.9	0.007392	0.000000	0
157.45 4.0 19.1 14.0 0.69 1.48 1.98 0.0 []
21000	13202	119.98	133.6	0.007702	0.000000	0
22000	13842	119.61	140.3	0.007421	0.000000	0
23000	14492	122.48	146.9	0.007263	0.000000	0
24000	15111	122.71	153.5	0.007228	0.000000	0
25000	15758	122.13	160.2	0.007129	0.000000	0
26000	16440	123.06	167.1	0.006976	0.000000	0
27000	17073	123.92	173.9	0.006955	0.000000	0
28000	17717	125.76	180.9	0.006834	0.000000	0
29000	18347	124.42	187.8	0.006710	0.000000	0
30000	19033	124.67	195.0	0.006601	0.000000	0
139.81 3.25 17.21 11.48 0.83 2.05 1.84 0.0 []
31000	19672	125.22	205.6	0.006143	0.000000	0
32000	20379	127.46	213.1	0.005857	0.000000	0
33000	21037	127.12	220.4	0.005925	0.000000	0
34000	21740	127.60	228.1	0.005725	0.000000	0
35000	22399	128.01	235.5	0.005676	0.000000	0
36000	23067	128.15	243.1	0.005783	0.000000	0
37000	23704	129.65	250.5	0.005671	0.000000	0
38000	24356	127.99	258.1	0.005705	0.000000	0
39000	25015	129.00	265.8	0.005730	0.000000	0
40000	25690	130.04	273.6	0.005572	0.000000	0
151.92 3.83 18.66 13.34 0.64 1.66 2.03 0.0 []
41000	26390	127.78	285.6	0.005590	0.000000	0
42000	27052	129.63	293.4	0.005686	0.000000	0
43000	27674	128.59	301.2	0.005653	0.000000	0
44000	28355	128.70	309.1	0.005764	0.000000	0
45000	29047	130.11	317.2	0.005548	0.000000	0
46000	29733	130.53	325.3	0.005423	0.000000	0
47000	30391	131.88	333.4	0.005339	0.000000	0
48000	31072	130.44	341.5	0.005291	0.000000	1
49000	31758	132.54	349.8	0.005359	0.000000	0
50000	32459	132.43	358.2	0.005283	0.000000	0
155.96 4.03 18.67 13.82 0.86 1.81 1.74 0.0 []
51000	33165	130.86	371.1	0.006543	0.000000	0
52000	33785	134.14	379.3	0.006374	0.000000	0
53000	34462	132.62	387.8	0.006384	0.000000	0
54000	35105	134.24	396.2	0.006246	0.000000	0
55000	35798	132.98	404.7	0.006271	0.000000	0
56000	36533	134.16	413.6	0.006308	0.000000	0
57000	37186	135.07	422.1	0.006271	0.000000	0
58000	37854	134.84	430.8	0.006211	0.000000	0
59000	38550	134.28	439.5	0.006052	0.000000	0
60000	39228	135.47	448.3	0.005989	0.000000	0
151.5 3.7 18.7 13.84 1.09 1.96 1.37 0.0 []
61000	39925	132.25	461.4	0.006299	0.000000	1
62000	40618	133.94	470.3	0.006230	0.000000	1
63000	41288	135.21	479.2	0.006173	0.000000	0
64000	41952	135.46	488.2	0.005980	0.000000	0
65000	42633	134.53	497.0	0.006016	0.000000	1
66000	43294	135.44	506.0	0.006031	0.000000	0
67000	43954	136.51	515.0	0.005999	0.000000	2
68000	44626	136.37	524.1	0.005984	0.000000	0
69000	45320	137.18	533.3	0.005937	0.000000	1
70000	45984	136.88	542.5	0.005944	0.000000	0
149.55 3.67 17.51 12.33 0.88 1.91 1.69 0.0 []
71000	46712	137.05	555.6	0.006040	0.000000	0
72000	47368	137.61	564.8	0.005966	0.000000	0
73000	48098	137.57	574.3	0.006027	0.000000	0
74000	48744	138.81	583.5	0.005794	0.000000	0
75000	49473	138.09	593.0	0.005865	0.000000	1
76000	50210	138.41	602.7	0.005786	0.000000	0
77000	50949	138.59	612.4	0.005929	0.000000	0
78000	51640	137.26	622.0	0.005934	0.000000	0
79000	52329	139.18	632.9	0.005665	0.000000	0
80000	53032	139.43	653.5	0.005822	0.000000	0
156.54 4.4 18.59 13.85 0.67 1.62 2.0 0.0 []
81000	53728	139.33	671.4	0.005999	0.000000	0
82000	54461	140.09	683.3	0.005883	0.000000	0
83000	55200	138.94	695.0	0.005935	0.000000	0
84000	55895	140.47	706.8	0.006030	0.000000	1
85000	56616	140.17	721.9	0.005879	0.000000	0
86000	57330	141.13	732.8	0.006000	0.000000	0
87000	58070	142.06	749.0	0.005952	0.000000	0
88000	58766	140.16	761.5	0.005914	0.000000	0
89000	59483	141.61	780.3	0.005774	0.000000	1
90000	60202	141.67	800.4	0.005941	0.000000	0
176.48 4.7 20.26 15.42 0.46 1.25 2.34 0.0 []
91000	60921	141.80	826.1	0.005730	0.000000	2
92000	61620	141.61	843.3	0.005815	0.000000	0
93000	62342	142.37	857.3	0.005788	0.000000	1
94000	63054	142.73	877.9	0.005798	0.000000	0
95000	63808	141.64	898.8	0.005758	0.000000	0
96000	64507	141.85	916.1	0.005751	0.000000	0
97000	65195	141.16	935.6	0.005657	0.000000	1
98000	65913	142.55	955.4	0.005752	0.000000	0
99000	66593	141.92	971.1	0.005666	0.000000	2
100000	67354	143.38	993.2	0.005606	0.000000	0
171.84 4.41 19.71 14.5 0.39 1.13 2.44 0.0 []
101000	68079	143.36	1025.4	0.005632	0.000000	1
102000	68762	144.65	1045.6	0.005697	0.000000	2
103000	69450	143.50	1062.6	0.005717	0.000000	0
104000	70155	144.54	1077.7	0.005770	0.000000	0
105000	70959	145.07	1101.0	0.005903	0.000000	1
106000	71665	145.37	1121.9	0.005763	0.000000	2
107000	72388	144.65	1137.6	0.005730	0.000000	1
108000	73116	145.52	1151.4	0.005858	0.000000	0
109000	73866	145.87	1170.9	0.005796	0.000000	0
110000	74581	145.12	1194.0	0.005758	0.000000	0
166.85 4.32 19.07 14.55 0.86 1.79 1.72 0.0 []
111000	75330	145.75	1214.3	0.005913	0.000000	0
112000	76121	145.73	1225.7	0.005615	0.000000	0
113000	76910	146.50	1242.3	0.005582	0.000000	0
114000	77641	146.32	1258.3	0.005738	0.000000	0
115000	78404	146.83	1274.7	0.005628	0.000000	0
116000	79141	146.84	1295.0	0.005635	0.000000	0
117000	79885	147.68	1315.3	0.005687	0.000000	0
118000	80617	146.65	1335.3	0.005687	0.000000	0
119000	81342	148.96	1355.6	0.005649	0.000000	1
120000	82092	147.47	1376.2	0.005516	0.000000	0
153.19 4.08 18.59 12.81 0.16 0.38 2.76 0.0 []
121000	82786	145.51	1395.6	0.005640	0.000000	0
122000	83506	145.68	1410.9	0.005641	0.000000	0
123000	84237	146.39	1424.0	0.005559	0.000000	0
124000	84951	145.78	1435.0	0.005689	0.000000	0
125000	85700	145.58	1446.1	0.005550	0.000000	0
126000	86414	146.03	1457.0	0.005554	0.000000	2
127000	87143	146.24	1467.9	0.005552	0.000000	1
128000	87895	147.11	1479.0	0.005569	0.000000	0
129000	88583	146.26	1490.8	0.005469	0.000000	2
130000	89285	146.93	1502.6	0.005480	0.000000	1
176.92 4.75 19.95 15.19 0.43 1.23 2.34 0.0 []
131000	90057	147.16	1520.5	0.005559	0.000000	1
132000	90889	147.49	1533.3	0.005500	0.000000	1
133000	91622	147.02	1545.6	0.005430	0.000000	1
134000	92409	147.60	1559.9	0.005521	0.000000	1
135000	93193	148.37	1572.0	0.005531	0.000000	0
136000	93946	148.51	1584.7	0.005354	0.000000	2
137000	94684	147.61	1596.4	0.005554	0.000000	0
138000	95408	147.70	1609.7	0.005597	0.000000	0
139000	96161	147.90	1624.1	0.005418	0.000000	2
140000	96868	149.44	1636.8	0.005325	0.000000	0
158.94 4.02 18.35 13.83 1.17 2.1 1.32 0.0 []
141000	97597	147.61	1655.2	0.005430	0.000000	0
142000	98345	147.82	1668.1	0.005518	0.000000	1
143000	99093	148.94	1682.2	0.005655	0.000000	0
144000	99846	148.65	1694.1	0.005632	0.000000	1
145000	100573	148.09	1706.6	0.005671	0.000000	2
146000	101331	148.69	1719.5	0.005629	0.000000	1
147000	102108	148.54	1731.6	0.005680	0.000000	2
148000	102880	148.93	1743.2	0.005774	0.000000	1
149000	103661	148.49	1756.9	0.005614	0.000000	1
150000	104377	147.35	1770.9	0.005414	0.000000	0
156.17 3.99 17.63 13.21 1.21 2.09 1.24 0.0 []
151000	105097	149.63	1786.6	0.005526	0.000000	0
152000	105841	147.77	1798.1	0.005633	0.000000	0
153000	106617	148.83	1809.8	0.005393	0.000000	1
154000	107419	148.16	1823.6	0.005475	0.000000	0
155000	108163	148.51	1835.7	0.005409	0.000000	0
156000	108924	149.30	1847.8	0.005313	0.000000	0
157000	109709	148.91	1860.9	0.005553	0.000000	0
158000	110461	149.09	1873.0	0.005408	0.000000	0
159000	111155	149.31	1886.8	0.005512	0.000000	3
160000	111890	149.09	1900.3	0.005436	0.000000	1
158.58 4.17 18.38 13.51 0.72 1.75 1.91 0.0 []
161000	112599	149.78	1917.6	0.005261	0.000000	0
162000	113359	150.36	1930.1	0.005126	0.000000	0
163000	114130	150.87	1943.2	0.005263	0.000000	0
164000	114885	152.18	1955.7	0.005402	0.000000	0
165000	115639	150.56	1970.4	0.005345	0.000000	1
166000	116430	151.34	1983.6	0.005383	0.000000	1
167000	117192	151.34	1995.3	0.005418	0.000000	0
168000	117964	153.07	2007.3	0.005415	0.000000	1
169000	118785	151.06	2019.3	0.005279	0.000000	1
170000	119542	150.48	2031.9	0.005234	0.000000	0
171.2 4.44 19.67 15.37 0.97 1.91 1.57 0.0 []
171000	120284	153.17	2048.8	0.005289	0.000000	0
172000	121073	151.39	2061.7	0.005375	0.000000	0
173000	121832	151.01	2073.7	0.005290	0.000000	2
174000	122579	152.64	2089.5	0.005215	0.000000	0
175000	123321	152.36	2104.5	0.005259	0.000000	1
176000	124106	152.78	2118.8	0.005221	0.000000	1
177000	124867	152.72	2131.7	0.005157	0.000000	0
178000	125625	151.76	2144.0	0.005260	0.000000	0
179000	126402	153.32	2157.8	0.005298	0.000000	1
180000	127120	152.23	2170.9	0.005275	0.000000	1
167.15 4.66 19.25 14.93 0.85 1.93 1.79 0.0 []
181000	127925	152.26	2189.4	0.005477	0.000000	0
182000	128739	153.75	2202.9	0.005390	0.000000	1
183000	129534	152.95	2217.0	0.005492	0.000000	1
184000	130291	152.53	2229.3	0.005560	0.000000	0
185000	131076	153.00	2243.5	0.005490	0.000000	3
186000	131904	153.93	2256.5	0.005476	0.000000	0
187000	132673	154.45	2269.6	0.005487	0.000000	0
188000	133425	153.18	2282.7	0.005509	0.000000	1
189000	134172	154.10	2296.0	0.005534	0.000000	0
190000	134972	153.74	2309.0	0.005410	0.000000	0
167.26 4.29 18.87 14.4 0.95 1.99 1.58 0.0 []
191000	135728	154.47	2326.0	0.005101	0.000000	2
192000	136577	154.54	2338.2	0.004980	0.000000	2
193000	137343	155.09	2350.6	0.005004	0.000000	1
194000	138101	154.36	2362.5	0.004986	0.000000	0
195000	138845	154.60	2374.4	0.005067	0.000000	0
196000	139662	154.15	2387.1	0.005097	0.000000	0
197000	140444	153.97	2402.8	0.005117	0.000000	1
198000	141232	154.32	2416.1	0.004948	0.000000	2
199000	142001	154.51	2429.0	0.005079	0.000000	0
200000	142788	154.69	2442.9	0.004983	0.000000	1
165.61 4.26 18.81 14.25 0.92 1.99 1.65 0.0 []
201000	143557	155.58	2463.9	0.005520	0.000000	0
202000	144350	155.62	2478.2	0.005453	0.000000	1
203000	145128	156.86	2493.1	0.005611	0.000000	2
204000	145946	155.88	2506.5	0.005646	0.000000	0
205000	146746	156.54	2520.2	0.005562	0.000000	1
206000	147545	156.66	2533.5	0.005683	0.000000	2
207000	148299	157.02	2545.9	0.005690	0.000000	0
208000	149071	156.61	2560.1	0.005730	0.000000	0
209000	149837	157.54	2574.6	0.005580	0.000000	1
210000	150611	156.65	2588.5	0.005691	0.000000	1
157.97 3.95 18.02 13.6 1.2 2.03 1.19 0.0 []
211000	151414	157.65	2607.9	0.005572	0.000000	1
212000	152185	157.49	2620.3	0.005653	0.000000	0
213000	152954	157.03	2633.7	0.005715	0.000000	1
214000	153772	157.75	2647.8	0.005604	0.000000	0
215000	154532	157.22	2660.9	0.005872	0.000000	1
216000	155303	158.83	2673.6	0.005489	0.000000	0
217000	156113	157.37	2686.6	0.005583	0.000000	0
218000	156893	157.10	2701.2	0.005619	0.000000	0
219000	157708	157.50	2714.4	0.005546	0.000000	0
220000	158465	157.27	2726.7	0.005697	0.000000	0
163.33 4.51 18.59 14.2 0.89 1.87 1.71 0.0 []
221000	159231	155.49	2744.2	0.005191	0.000000	0
222000	160029	156.81	2756.9	0.005296	0.000000	1
223000	160854	156.82	2769.3	0.005365	0.000000	0
224000	161626	155.97	2781.6	0.005330	0.000000	1
225000	162399	157.99	2794.3	0.005443	0.000000	0
226000	163202	157.16	2806.9	0.005533	0.000000	0
227000	164003	157.69	2819.5	0.005433	0.000000	0
228000	164791	157.56	2833.2	0.005374	0.000000	0
229000	165592	155.85	2848.5	0.005455	0.000000	0
230000	166371	157.71	2861.6	0.005519	0.000000	1
172.39 4.76 19.5 14.78 0.48 1.23 2.29 0.0 []
231000	167191	156.89	2881.9	0.005235	0.000000	0
232000	167968	158.58	2896.3	0.005081	0.000000	0
233000	168770	158.48	2909.4	0.005094	0.000000	4
234000	169596	158.18	2924.2	0.005080	0.000000	0
235000	170379	156.57	2938.8	0.005163	0.000000	2
236000	171156	157.37	2952.7	0.005069	0.000000	0
237000	171986	158.23	2965.9	0.005122	0.000000	1
238000	172765	158.97	2978.6	0.005166	0.000000	1
239000	173597	159.13	2991.5	0.005090	0.000000	2
240000	174398	157.92	3004.7	0.005092	0.000000	1
173.95 4.76 19.72 15.11 0.53 1.51 2.24 0.0 []
241000	175130	155.29	3022.8	0.005180	0.000000	2
242000	175850	155.63	3035.7	0.005213	0.000000	0
243000	176638	154.58	3050.9	0.005327	0.000000	0
244000	177424	155.31	3063.6	0.005182	0.000000	1
245000	178228	155.00	3076.6	0.005189	0.000000	1
246000	179040	155.88	3089.5	0.005125	0.000000	0
247000	179798	156.70	3102.1	0.005081	0.000000	1
248000	180603	156.13	3114.8	0.005071	0.000000	0
249000	181408	155.61	3127.6	0.005012	0.000000	1
250000	182230	156.59	3140.4	0.004990	0.000000	0
167.45 4.49 19.34 14.65 0.71 1.66 1.98 0.0 []
251000	182963	155.53	3157.4	0.004570	0.000000	0
252000	183775	155.79	3170.1	0.004475	0.000000	0
253000	184591	155.88	3182.8	0.004510	0.000000	1
254000	185370	155.68	3195.5	0.004539	0.000000	0
255000	186169	156.23	3209.2	0.004513	0.000000	1
256000	186988	156.71	3224.7	0.004569	0.000000	0
257000	187834	155.82	3237.6	0.004584	0.000000	0
258000	188634	155.38	3250.2	0.004599	0.000000	0
259000	189418	155.88	3263.0	0.004560	0.000000	0
260000	190193	155.48	3275.7	0.004605	0.000000	2
166.24 4.53 19.03 14.41 0.73 1.7 1.98 0.0 []
261000	190988	155.13	3292.9	0.004671	0.000000	1
262000	191718	155.41	3305.4	0.004799	0.000000	0
263000	192546	155.26	3318.1	0.004749	0.000000	0
264000	193311	154.72	3330.7	0.004785	0.000000	0
265000	194070	156.20	3343.2	0.004754	0.000000	0
266000	194834	154.77	3355.6	0.004870	0.000000	0
267000	195629	155.74	3368.2	0.004842	0.000000	0
268000	196413	155.87	3380.9	0.004800	0.000000	0
269000	197205	155.60	3393.6	0.004765	0.000000	0
270000	198033	155.81	3406.4	0.004838	0.000000	0
161.0 4.41 19.18 14.35 0.62 1.55 2.09 0.0 []
271000	198848	156.34	3423.7	0.004568	0.000000	1
272000	199621	156.56	3436.4	0.004589	0.000000	0
273000	200389	156.60	3449.2	0.004506	0.000000	0
274000	201145	156.06	3461.8	0.004540	0.000000	0
275000	201940	156.49	3474.5	0.004581	0.000000	0
276000	202764	156.23	3487.3	0.004609	0.000000	0
277000	203530	156.93	3500.0	0.004684	0.000000	2
278000	204330	157.07	3512.7	0.004588	0.000000	0
279000	205124	156.97	3525.4	0.004669	0.000000	1
280000	205905	157.13	3538.1	0.004660	0.000000	0
169.7 4.48 18.94 14.56 0.89 1.91 1.68 0.0 []
281000	206690	153.86	3555.4	0.004442	0.000000	3
282000	207442	155.96	3567.9	0.004397	0.000000	1
283000	208199	155.63	3580.5	0.004544	0.000000	0
284000	208964	156.14	3593.1	0.004463	0.000000	0
285000	209711	155.55	3605.6	0.004392	0.000000	2
286000	210472	155.97	3618.2	0.004445	0.000000	0
287000	211297	157.19	3631.1	0.004520	0.000000	0
288000	212050	157.09	3643.8	0.004550	0.000000	0
289000	212880	156.44	3656.6	0.004519	0.000000	0
290000	213647	156.37	3669.2	0.004565	0.000000	2
175.67 4.79 19.43 14.84 0.56 1.4 2.2 0.0 []
291000	214395	155.51	3686.5	0.004548	0.000000	1
292000	215208	156.60	3699.5	0.004440	0.000000	2
293000	216026	156.52	3712.4	0.004506	0.000000	1
294000	216822	157.68	3725.3	0.004510	0.000000	1
295000	217595	156.38	3738.0	0.004445	0.000000	0
296000	218387	156.26	3750.8	0.004538	0.000000	0
297000	219211	156.79	3763.7	0.004501	0.000000	1
298000	220047	155.52	3776.6	0.004468	0.000000	0
299000	220815	155.94	3789.5	0.004462	0.000000	1
300000	221569	157.21	3802.2	0.004329	0.000000	1
159.32 4.42 18.4 13.99 0.89 2.02 1.69 0.0 []
301000	222364	154.05	3819.4	0.004113	0.000000	2
302000	223147	154.07	3832.0	0.004150	0.000000	0
303000	223969	154.32	3844.8	0.004188	0.000000	0
304000	224775	155.42	3857.6	0.004168	0.000000	0
305000	225564	155.93	3870.5	0.004264	0.000000	0
306000	226376	155.30	3883.3	0.004274	0.000000	0
307000	227143	155.30	3895.8	0.004237	0.000000	3
308000	227906	155.71	3908.4	0.004319	0.000000	1
309000	228687	155.38	3921.0	0.004297	0.000000	1
310000	229480	155.35	3933.7	0.004344	0.000000	1
176.57 4.87 19.53 15.07 0.61 1.49 2.15 0.0 []
311000	230260	156.55	3951.3	0.004362	0.000000	1
312000	230980	156.07	3963.8	0.004368	0.000000	0
313000	231777	154.50	3976.5	0.004369	0.000000	1
314000	232587	155.76	3989.3	0.004322	0.000000	0
315000	233415	156.04	4002.3	0.004358	0.000000	2
316000	234181	154.55	4014.7	0.004253	0.000000	1
317000	234932	155.84	4027.3	0.004207	0.000000	1
318000	235734	156.63	4040.2	0.004252	0.000000	0
319000	236565	155.98	4053.1	0.004271	0.000000	0
320000	237396	155.90	4066.1	0.004167	0.000000	1
176.38 4.92 19.59 15.17 0.58 1.5 2.18 0.0 []
321000	238204	156.88	4083.8	0.004366	0.000000	1
322000	238963	157.43	4096.4	0.004475	0.000000	0
323000	239746	156.94	4109.2	0.004476	0.000000	0
324000	240558	157.47	4122.2	0.004526	0.000000	0
325000	241352	157.74	4135.0	0.004556	0.000000	0
326000	242151	159.19	4147.9	0.004627	0.000000	1
327000	242932	157.18	4160.8	0.004522	0.000000	1
328000	243748	157.56	4173.8	0.004522	0.000000	3
329000	244524	158.26	4186.5	0.004555	0.000000	0
330000	245321	158.18	4200.0	0.004613	0.000000	1
166.56 4.51 18.64 14.35 0.86 1.78 1.66 0.0 []
331000	246085	158.90	4218.3	0.004587	0.000000	0
332000	246917	158.88	4231.8	0.004539	0.000000	0
333000	247711	158.18	4244.8	0.004561	0.000000	1
334000	248523	158.30	4257.6	0.004521	0.000000	1
335000	249278	159.01	4270.2	0.004632	0.000000	0
336000	250156	158.56	4283.1	0.004433	0.000000	1
337000	250948	158.66	4295.8	0.004458	0.000000	1
338000	251737	157.95	4308.5	0.004596	0.000000	1
339000	252529	157.70	4321.5	0.004557	0.000000	1
340000	253269	159.08	4335.0	0.004422	0.000000	1
162.44 4.24 18.25 13.62 0.87 1.84 1.72 0.0 []
341000	254045	157.79	4354.0	0.003805	0.000000	1
342000	254841	158.47	4367.4	0.003902	0.000000	0
343000	255607	157.81	4382.1	0.004006	0.000000	0
344000	256388	158.40	4397.8	0.004048	0.000000	0
345000	257145	159.19	4410.8	0.004132	0.000000	0
346000	257926	158.53	4423.5	0.004152	0.000000	0
347000	258759	158.50	4439.1	0.004139	0.000000	0
348000	259569	158.09	4455.0	0.004214	0.000000	0
349000	260382	159.31	4469.3	0.004140	0.000000	0
350000	261179	157.85	4483.2	0.004215	0.000000	0
181.42 5.23 20.85 16.51 0.38 1.07 2.39 0.0 []
351000	262030	157.55	4501.5	0.004186	0.000000	0
352000	262808	159.77	4516.1	0.004138	0.000000	1
353000	263594	158.54	4529.1	0.004084	0.000000	2
354000	264424	159.28	4542.3	0.004169	0.000000	3
355000	265238	159.56	4555.2	0.004222	0.000000	1
356000	266049	159.95	4568.0	0.004184	0.000000	1
357000	266865	159.45	4581.0	0.004211	0.000000	0
358000	267633	159.57	4594.9	0.004228	0.000000	0
359000	268391	158.84	4609.6	0.004329	0.000000	1
360000	269156	158.96	4625.0	0.004227	0.000000	0
169.42 4.48 19.68 14.64 0.41 1.1 2.37 0.0 []
361000	269952	157.82	4645.4	0.003842	0.000000	0
362000	270714	157.76	4659.9	0.003908	0.000000	0
363000	271539	158.51	4674.8	0.003888	0.000000	1
364000	272302	158.28	4687.3	0.003972	0.000000	0
365000	273056	159.02	4700.1	0.004120	0.000000	1
366000	273786	158.64	4713.0	0.004107	0.000000	1
367000	274624	159.21	4726.8	0.004128	0.000000	1
368000	275404	158.61	4739.7	0.004220	0.000000	2
369000	276182	157.76	4753.4	0.004225	0.000000	0
370000	276963	159.28	4767.0	0.004170	0.000000	2
168.07 4.68 18.79 14.39 0.75 1.81 1.9 0.0 []
371000	277745	158.75	4788.3	0.003844	0.000000	0
372000	278542	159.91	4802.9	0.003958	0.000000	1
373000	279352	159.44	4816.5	0.003829	0.000000	1
374000	280178	159.42	4831.6	0.003990	0.000000	0
375000	280998	159.93	4845.5	0.003919	0.000000	0
376000	281757	158.53	4859.1	0.004005	0.000000	1
377000	282567	159.01	4872.7	0.004003	0.000000	1
378000	283420	158.46	4886.0	0.003960	0.000000	3
379000	284182	158.88	4899.8	0.003919	0.000000	1
380000	284991	159.60	4913.4	0.004044	0.000000	1
173.66 4.74 20.01 15.28 0.48 1.26 2.27 0.0 []
381000	285727	159.36	4933.7	0.004065	0.000000	2
382000	286500	158.65	4946.4	0.004103	0.000000	1
383000	287334	159.34	4959.8	0.004218	0.000000	0
384000	288121	159.23	4972.5	0.004255	0.000000	0
385000	288892	159.73	4985.2	0.004242	0.000000	0
386000	289656	160.04	4997.8	0.004266	0.000000	0
387000	290468	160.77	5011.1	0.004289	0.000000	2
388000	291278	160.11	5025.2	0.004234	0.000000	0
389000	292047	158.94	5039.9	0.004220	0.000000	0
390000	292833	159.96	5055.0	0.004200	0.000000	0
167.5 4.57 19.4 14.76 0.69 1.64 1.99 0.0 []
391000	293631	160.89	5074.3	0.004171	0.000000	0
392000	294441	159.55	5090.0	0.004253	0.000000	0
393000	295224	159.75	5104.3	0.004292	0.000000	1
394000	295958	159.94	5119.6	0.004241	0.000000	0
395000	296734	160.33	5135.5	0.004263	0.000000	0
396000	297558	159.47	5148.8	0.004105	0.000000	1
397000	298375	159.57	5162.6	0.004189	0.000000	0
398000	299194	160.84	5176.9	0.004270	0.000000	0
399000	299961	162.01	5191.3	0.004143	0.000000	3
400000	300749	160.81	5206.1	0.004156	0.000000	0
162.92 4.28 18.75 14.08 0.87 1.87 1.77 0.0 []
401000	301540	156.06	5224.9	0.004281	0.000000	1
402000	302340	157.38	5239.1	0.004335	0.000000	0
403000	303101	156.77	5253.6	0.004336	0.000000	1
404000	303888	156.25	5268.3	0.004361	0.000000	0
405000	304728	156.71	5282.3	0.004317	0.000000	2
406000	305511	155.96	5295.3	0.004293	0.000000	0
407000	306280	155.48	5308.4	0.004362	0.000000	1
408000	307005	157.88	5321.2	0.004324	0.000000	0
409000	307794	158.17	5334.2	0.004319	0.000000	0
410000	308603	155.59	5347.2	0.004231	0.000000	3
168.72 4.69 18.55 14.14 0.67 1.69 1.97 0.0 []
411000	309408	156.16	5364.7	0.004185	0.000000	1
412000	310184	156.38	5377.9	0.004197	0.000000	1
413000	310936	158.42	5390.9	0.004210	0.000000	0
414000	311700	156.48	5404.3	0.004199	0.000000	2
415000	312474	156.99	5419.0	0.004125	0.000000	0
416000	313260	157.20	5434.2	0.004223	0.000000	1
417000	314043	156.34	5449.6	0.004196	0.000000	0
418000	314843	157.30	5464.0	0.004175	0.000000	0
419000	315626	157.57	5478.7	0.004230	0.000000	0
420000	316439	156.79	5492.1	0.004219	0.000000	0
161.84 4.39 18.41 14.05 0.99 1.96 1.57 0.0 []
421000	317224	155.14	5509.8	0.003639	0.000000	2
422000	317999	155.79	5523.5	0.003690	0.000000	0
423000	318771	155.65	5537.2	0.003740	0.000000	0
424000	319520	155.67	5550.3	0.003732	0.000000	0
425000	320269	156.18	5564.1	0.003810	0.000000	1
426000	321027	156.48	5579.2	0.003830	0.000000	0
427000	321768	154.71	5596.2	0.003866	0.000000	1
428000	322636	156.20	5611.0	0.003797	0.000000	2
429000	323440	155.66	5624.5	0.003882	0.000000	2
430000	324253	155.87	5639.0	0.003826	0.000000	0
170.11 4.75 19.1 14.59 0.6 1.47 2.08 0.0 []
431000	325062	156.70	5659.3	0.003919	0.000000	0
432000	325854	154.69	5673.2	0.003854	0.000000	0
433000	326631	155.92	5687.6	0.003892	0.000000	2
434000	327375	156.40	5701.1	0.003876	0.000000	0
435000	328166	156.41	5714.0	0.003877	0.000000	1
436000	328948	155.71	5726.8	0.003804	0.000000	0
437000	329807	156.44	5740.0	0.003810	0.000000	1
438000	330620	156.19	5753.0	0.003831	0.000000	1
439000	331408	156.78	5765.9	0.003808	0.000000	1
440000	332207	156.61	5778.9	0.003776	0.000000	0
163.93 4.1 18.76 13.18 0.3 0.83 2.55 0.0 []
441000	333041	156.00	5796.1	0.003558	0.000000	0
442000	333823	156.07	5808.9	0.003584	0.000000	0
443000	334658	156.82	5822.0	0.003590	0.000000	1
444000	335430	156.43	5834.8	0.003664	0.000000	1
445000	336203	155.62	5847.6	0.003655	0.000000	0
446000	336980	155.36	5860.5	0.003625	0.000000	0
447000	337792	156.69	5873.5	0.003685	0.000000	1
448000	338566	155.16	5886.4	0.003770	0.000000	1
449000	339345	155.54	5899.2	0.003612	0.000000	1
450000	340115	156.67	5912.0	0.003590	0.000000	0
159.69 4.48 18.82 14.03 0.54 1.49 2.14 0.0 []
451000	340922	155.89	5929.3	0.003598	0.000000	0
452000	341735	156.29	5942.2	0.003579	0.000000	0
453000	342521	156.51	5955.2	0.003606	0.000000	1
454000	343290	156.84	5968.0	0.003601	0.000000	0
455000	344130	156.84	5981.1	0.003599	0.000000	1
456000	344860	155.99	5993.8	0.003562	0.000000	0
457000	345620	156.23	6006.5	0.003633	0.000000	0
458000	346389	156.51	6019.3	0.003633	0.000000	0
459000	347207	155.82	6032.2	0.003574	0.000000	2
460000	348012	156.03	6045.3	0.003560	0.000000	1
161.85 4.19 18.46 13.5 0.68 1.72 2.04 0.0 []
461000	348777	157.74	6062.3	0.003340	0.000000	0
462000	349586	158.13	6075.3	0.003478	0.000000	0
463000	350366	157.43	6088.0	0.003593	0.000000	0
464000	351205	158.88	6101.1	0.003712	0.000000	1
465000	352003	157.88	6114.0	0.003845	0.000000	2
466000	352746	158.07	6126.7	0.003814	0.000000	3
467000	353525	158.79	6139.6	0.003871	0.000000	0
468000	354334	158.67	6152.7	0.003865	0.000000	2
469000	355090	158.74	6165.5	0.003833	0.000000	0
470000	355898	159.28	6178.4	0.003795	0.000000	0
178.29 4.71 20.89 15.95 0.35 0.93 2.49 0.0 []
471000	356702	159.54	6196.4	0.003799	0.000000	0
472000	357504	158.96	6209.3	0.003822	0.000000	1
473000	358304	158.68	6222.3	0.003775	0.000000	1
474000	359056	158.43	6235.2	0.003805	0.000000	1
475000	359844	158.67	6248.2	0.003799	0.000000	0
476000	360600	158.89	6261.1	0.003689	0.000000	1
477000	361425	159.59	6274.3	0.003809	0.000000	2
478000	362214	159.50	6287.2	0.003790	0.000000	1
479000	363003	159.31	6300.1	0.003791	0.000000	1
480000	363802	159.68	6319.5	0.003847	0.000000	0
163.45 4.4 18.52 13.58 0.58 1.42 2.15 0.0 []
481000	364635	158.28	6345.5	0.003878	0.000000	0
482000	365417	158.81	6362.4	0.003964	0.000000	1
483000	366221	158.32	6378.6	0.004092	0.000000	1
484000	367014	159.87	6391.6	0.004135	0.000000	2
485000	367780	160.01	6404.3	0.004196	0.000000	0
486000	368568	159.79	6423.3	0.004118	0.000000	0
487000	369356	158.79	6441.0	0.004099	0.000000	0
488000	370135	159.68	6458.6	0.004236	0.000000	0
489000	370933	158.43	6477.1	0.004142	0.000000	1
490000	371768	160.19	6495.4	0.004135	0.000000	1
174.32 4.91 19.54 14.99 0.47 1.25 2.31 0.0 []
491000	372567	160.59	6519.5	0.003618	0.000000	1
492000	373363	161.04	6537.6	0.003626	0.000000	0
493000	374153	160.41	6555.3	0.003652	0.000000	1
494000	374967	159.52	6573.3	0.003634	0.000000	0
495000	375785	160.28	6591.7	0.003601	0.000000	1
496000	376590	160.00	6609.3	0.003624	0.000000	0
497000	377384	161.58	6627.0	0.003643	0.000000	1
498000	378153	161.58	6645.0	0.003700	0.000000	0
499000	378929	160.22	6662.6	0.003624	0.000000	0
500000	379727	161.46	6680.5	0.003720	0.000000	1
178.25 4.84 20.3 16.02 0.69 1.87 1.95 0.0 []
501000	380540	157.03	6706.2	0.003741	0.000000	0
502000	381333	155.92	6725.9	0.003658	0.000000	0
503000	382108	157.83	6743.2	0.003812	0.000000	0
504000	382897	157.00	6760.6	0.003719	0.000000	1
505000	383634	158.21	6778.5	0.003649	0.000000	1
506000	384392	157.39	6796.1	0.003768	0.000000	2
507000	385207	159.10	6816.2	0.003739	0.000000	0
508000	385962	157.60	6841.0	0.003700	0.000000	2
509000	386727	157.65	6869.8	0.003721	0.000000	2
510000	387476	157.14	6885.7	0.003740	0.000000	1
172.74 4.63 19.04 14.75 0.81 1.87 1.76 0.0 []
511000	388263	157.19	6907.4	0.003386	0.000000	1
512000	389071	157.91	6921.7	0.003244	0.000000	0
513000	389880	157.93	6936.2	0.003323	0.000000	1
514000	390674	157.36	6950.9	0.003282	0.000000	2
515000	391460	157.00	6965.2	0.003309	0.000000	0
516000	392254	158.37	6982.2	0.003312	0.000000	1
517000	393072	158.58	7003.5	0.003289	0.000000	0
518000	393851	158.08	7020.2	0.003346	0.000000	1
519000	394621	158.22	7037.0	0.003313	0.000000	2
520000	395410	158.84	7054.3	0.003358	0.000000	0
173.58 5.0 19.83 15.51 0.56 1.45 2.14 0.0 []
521000	396158	154.47	7077.2	0.003682	0.000000	1
522000	396901	155.18	7094.1	0.003682	0.000000	0
523000	397665	155.01	7107.4	0.003683	0.000000	1
524000	398513	155.03	7142.9	0.003654	0.000000	2
525000	399251	154.16	7162.2	0.003639	0.000000	2
526000	400042	155.66	7179.1	0.003573	0.000000	1
527000	400835	155.57	7199.4	0.003620	0.000000	1
528000	401606	155.42	7213.4	0.003612	0.000000	1
529000	402361	155.30	7229.4	0.003638	0.000000	0
530000	403119	154.73	7253.5	0.003590	0.000000	0
173.45 4.86 19.62 15.28 0.62 1.55 2.03 0.0 []
531000	403847	154.91	7282.4	0.003322	0.000000	2
532000	404638	155.47	7301.3	0.003250	0.000000	2
533000	405424	154.65	7325.8	0.003337	0.000000	1
534000	406235	155.77	7341.4	0.003261	0.000000	2
535000	407005	155.39	7360.5	0.003238	0.000000	1
536000	407777	156.68	7377.5	0.003294	0.000000	1
537000	408591	155.22	7397.4	0.003280	0.000000	2
538000	409389	155.77	7419.0	0.003209	0.000000	2
539000	410183	154.76	7431.9	0.003209	0.000000	1
540000	410980	155.68	7444.7	0.003220	0.000000	1
169.55 4.79 19.02 14.61 0.66 1.65 2.04 0.0 []
541000	411774	155.24	7466.2	0.003275	0.000000	0
542000	412607	156.40	7482.1	0.003329	0.000000	0
543000	413403	155.94	7500.4	0.003455	0.000000	1
544000	414210	155.46	7518.8	0.003429	0.000000	0
545000	415012	156.32	7532.6	0.003570	0.000000	0
546000	415795	156.61	7550.7	0.003557	0.000000	2
547000	416547	157.05	7568.4	0.003574	0.000000	0
548000	417333	156.50	7584.1	0.003552	0.000000	2
549000	418133	156.25	7615.3	0.003617	0.000000	1
550000	418912	156.88	7648.1	0.003617	0.000000	2
168.02 4.35 18.94 14.51 0.95 1.89 1.6 0.0 []
551000	419691	156.19	7683.6	0.003398	0.000000	1
552000	420524	156.93	7714.6	0.003368	0.000000	0
553000	421317	157.42	7740.2	0.003370	0.000000	2
554000	422094	156.79	7759.4	0.003275	0.000000	1
555000	422863	157.01	7787.2	0.003327	0.000000	0
556000	423697	158.25	7828.9	0.003396	0.000000	1
557000	424501	156.68	7860.9	0.003430	0.000000	0
558000	425292	156.47	7890.4	0.003438	0.000000	2
559000	426098	156.71	7915.7	0.003462	0.000000	0
560000	426916	156.00	7954.0	0.003422	0.000000	0
172.4 4.59 19.43 15.19 0.86 1.7 1.67 0.0 []
561000	427649	159.11	7996.9	0.003278	0.000000	0
562000	428475	157.88	8024.7	0.003433	0.000000	2
563000	429289	158.37	8052.6	0.003533	0.000000	0
564000	430078	158.44	8081.6	0.003714	0.000000	4
565000	430867	158.45	8111.9	0.003794	0.000000	0
566000	431713	158.16	8135.4	0.003845	0.000000	1
567000	432478	157.52	8156.7	0.003805	0.000000	0
568000	433231	159.10	8177.6	0.003786	0.000000	1
569000	434055	158.68	8196.7	0.003834	0.000000	0
570000	434821	157.96	8215.0	0.003792	0.000000	0
173.41 4.77 19.53 15.22 0.76 1.71 1.89 0.0 []
571000	435600	158.73	8241.2	0.003791	0.000000	1
572000	436393	158.85	8262.7	0.003755	0.000000	1
573000	437162	157.67	8282.7	0.003761	0.000000	1
574000	437950	159.29	8306.3	0.003765	0.000000	0
575000	438704	159.92	8333.8	0.003831	0.000000	0
576000	439529	158.60	8358.1	0.003794	0.000000	0
577000	440319	158.99	8382.0	0.003860	0.000000	0
578000	441068	159.52	8405.8	0.003838	0.000000	2
579000	441879	158.24	8430.6	0.003845	0.000000	1
580000	442694	159.27	8455.3	0.003875	0.000000	0
179.42 4.87 20.02 15.79 0.68 1.69 1.95 0.0 []
581000	443502	157.48	8488.1	0.003863	0.000000	0
582000	444356	157.86	8512.2	0.003921	0.000000	0
583000	445131	157.45	8535.8	0.004023	0.000000	0
584000	445913	158.68	8559.3	0.004077	0.000000	1
585000	446660	157.71	8582.6	0.004149	0.000000	1
586000	447434	158.23	8605.8	0.004104	0.000000	0
587000	448205	158.57	8628.7	0.004148	0.000000	1
588000	449016	158.76	8655.7	0.004134	0.000000	1
589000	449769	157.73	8686.4	0.004121	0.000000	0
590000	450579	157.36	8715.7	0.004030	0.000000	0
175.42 4.65 19.64 14.79 0.4 1.04 2.39 0.0 []
591000	451432	158.77	8748.0	0.003650	0.000000	0
592000	452190	159.42	8776.1	0.003598	0.000000	2
593000	452972	160.03	8799.9	0.003589	0.000000	1
594000	453779	159.24	8825.4	0.003560	0.000000	0
595000	454532	158.44	8850.4	0.003664	0.000000	2
596000	455352	158.35	8876.7	0.003670	0.000000	0
597000	456142	158.29	8900.1	0.003655	0.000000	2
598000	456932	158.37	8924.2	0.003679	0.000000	1
599000	457698	158.27	8948.6	0.003627	0.000000	1
600000	458482	159.19	8973.1	0.003698	0.000000	2
164.52 4.37 18.59 14.18 0.91 1.8 1.63 0.0 []
601000	459246	159.18	9004.4	0.003521	0.000000	2
602000	460081	158.88	9027.8	0.003479	0.000000	2
603000	460833	159.18	9050.4	0.003531	0.000000	0
604000	461633	158.87	9073.1	0.003565	0.000000	0
605000	462390	159.70	9096.3	0.003659	0.000000	0
606000	463195	158.84	9124.1	0.003614	0.000000	1
607000	464009	158.10	9147.2	0.003705	0.000000	1
608000	464854	160.00	9172.1	0.003671	0.000000	2
609000	465644	159.28	9197.0	0.003689	0.000000	0
610000	466416	159.17	9223.5	0.003645	0.000000	1
167.63 4.67 19.09 14.17 0.37 0.91 2.45 0.0 []
611000	467207	159.34	9255.9	0.003538	0.000000	1
612000	467990	160.08	9278.9	0.003495	0.000000	0
613000	468765	159.76	9303.9	0.003529	0.000000	1
614000	469567	159.33	9328.4	0.003480	0.000000	0
615000	470352	159.66	9352.8	0.003516	0.000000	0
616000	471122	159.22	9375.7	0.003553	0.000000	2
617000	471904	159.18	9398.8	0.003498	0.000000	1
618000	472755	159.87	9422.3	0.003517	0.000000	1
619000	473578	159.79	9445.3	0.003554	0.000000	0
620000	474347	159.89	9468.1	0.003519	0.000000	0
172.58 4.39 19.44 14.66 0.7 1.58 1.97 0.0 []
621000	475104	159.78	9499.1	0.003579	0.000000	0
622000	475951	160.38	9522.0	0.003758	0.000000	0
623000	476774	159.00	9545.2	0.003773	0.000000	1
624000	477520	159.74	9567.8	0.003782	0.000000	2
625000	478333	159.85	9590.5	0.003808	0.000000	0
626000	479120	159.16	9613.4	0.003732	0.000000	0
627000	479908	158.90	9636.1	0.003707	0.000000	2
628000	480753	160.17	9658.9	0.003758	0.000000	1
629000	481604	159.51	9682.2	0.003801	0.000000	0
630000	482365	159.93	9705.2	0.003796	0.000000	0
168.28 4.19 18.69 14.24 1.01 1.96 1.5 0.0 []
631000	483195	160.18	9736.3	0.003470	0.000000	1
632000	483991	159.49	9759.1	0.003416	0.000000	1
633000	484824	159.62	9782.4	0.003340	0.000000	1
634000	485628	159.53	9805.3	0.003418	0.000000	0
635000	486416	159.57	9828.3	0.003372	0.000000	1
636000	487182	159.00	9850.7	0.003425	0.000000	1
637000	488023	159.20	9874.6	0.003384	0.000000	1
638000	488819	159.44	9916.3	0.003440	0.000000	0
639000	489604	160.68	9937.3	0.003416	0.000000	0
640000	490397	161.27	9951.6	0.003443	0.000000	0
168.33 4.36 18.85 14.44 0.91 1.95 1.63 0.0 []
641000	491202	160.28	9969.1	0.003506	0.000000	0
642000	492017	160.28	9981.9	0.003611	0.000000	0
643000	492785	160.14	9994.6	0.003639	0.000000	1
644000	493565	160.24	10007.2	0.003682	0.000000	0
645000	494355	161.23	10020.4	0.003704	0.000000	0
646000	495181	160.35	10033.3	0.003762	0.000000	2
647000	495972	161.95	10046.2	0.003709	0.000000	0
648000	496817	160.80	10059.3	0.003765	0.000000	0
649000	497623	162.06	10072.2	0.003741	0.000000	2
650000	498395	161.50	10084.9	0.003768	0.000000	1
166.58 4.44 19.0 14.08 0.55 1.35 2.21 0.0 []
651000	499155	161.25	10102.2	0.003655	0.000000	1
652000	499987	162.74	10115.4	0.003559	0.000000	2
653000	500789	162.00	10128.3	0.003580	0.000000	1
654000	501548	161.78	10141.1	0.003557	0.000000	0
655000	502338	161.41	10154.0	0.003591	0.000000	1
656000	503100	162.09	10166.8	0.003583	0.000000	1
657000	503856	161.70	10179.6	0.003664	0.000000	0
658000	504651	162.75	10192.6	0.003646	0.000000	0
659000	505431	161.53	10205.5	0.003689	0.000000	1
660000	506201	161.28	10218.3	0.003694	0.000000	0
165.81 4.61 18.79 14.55 0.91 1.92 1.68 0.0 []
661000	507038	160.62	10235.8	0.003712	0.000000	1
662000	507847	162.94	10248.8	0.003818	0.000000	0
663000	508639	161.31	10261.6	0.003801	0.000000	2
664000	509419	162.35	10274.5	0.003879	0.000000	0
665000	510208	162.19	10287.4	0.003827	0.000000	1
666000	511007	161.08	10300.3	0.003868	0.000000	2
667000	511821	162.32	10313.3	0.003863	0.000000	1
668000	512657	161.53	10326.3	0.003852	0.000000	1
669000	513444	162.87	10339.1	0.003888	0.000000	2
670000	514268	161.84	10352.1	0.003823	0.000000	1
167.88 4.78 18.94 14.06 0.34 0.87 2.5 0.0 []
671000	515117	161.45	10369.6	0.003824	0.000000	1
672000	515917	162.31	10382.5	0.003872	0.000000	3
673000	516698	162.07	10395.3	0.003902	0.000000	0
674000	517489	162.33	10408.1	0.003887	0.000000	0
675000	518301	161.35	10421.1	0.003929	0.000000	1
676000	519065	161.90	10433.9	0.003907	0.000000	2
677000	519844	161.69	10449.4	0.003876	0.000000	0
678000	520613	162.51	10468.9	0.003824	0.000000	1
679000	521396	162.78	10484.4	0.003888	0.000000	0
680000	522189	161.98	10497.6	0.003897	0.000000	1
166.07 4.35 19.07 14.33 0.71 1.55 1.96 0.0 []
681000	522970	156.79	10514.8	0.003746	0.000000	0
682000	523769	158.13	10528.0	0.003727	0.000000	0
683000	524573	158.43	10540.9	0.003806	0.000000	2
684000	525333	158.21	10553.7	0.003735	0.000000	0
685000	526155	159.49	10566.7	0.003715	0.000000	2
686000	526962	158.18	10579.6	0.003755	0.000000	0
687000	527742	158.21	10592.8	0.003752	0.000000	0
688000	528549	158.62	10605.8	0.003795	0.000000	1
689000	529389	158.89	10619.2	0.003796	0.000000	2
690000	530144	157.59	10632.6	0.003763	0.000000	2
167.42 4.32 18.83 14.01 0.68 1.46 2.02 0.0 []
691000	530902	158.93	10653.6	0.003778	0.000000	1
692000	531716	159.15	10667.7	0.003740	0.000000	1
693000	532515	157.66	10680.9	0.003743	0.000000	1
694000	533282	157.75	10694.9	0.003706	0.000000	1
695000	534026	159.22	10711.1	0.003723	0.000000	1
696000	534790	159.06	10724.2	0.003735	0.000000	0
697000	535623	159.22	10737.5	0.003747	0.000000	0
698000	536419	158.39	10750.3	0.003731	0.000000	1
699000	537211	159.91	10763.3	0.003718	0.000000	0
700000	537984	158.62	10776.1	0.003726	0.000000	1
167.89 4.89 18.66 14.43 0.67 1.69 1.94 0.0 []
701000	538796	156.76	10793.7	0.003610	0.000000	0
702000	539586	156.32	10806.9	0.003606	0.000000	0
703000	540353	157.31	10821.7	0.003704	0.000000	0
704000	541131	157.89	10838.3	0.003665	0.000000	0
705000	541881	157.15	10852.3	0.003612	0.000000	2
706000	542676	157.04	10867.3	0.003627	0.000000	1
707000	543422	157.63	10880.6	0.003689	0.000000	1
708000	544224	157.09	10893.5	0.003644	0.000000	0
709000	545007	158.12	10907.3	0.003643	0.000000	1
710000	545811	157.65	10922.3	0.003671	0.000000	1
175.32 4.88 20.07 15.68 0.57 1.38 2.09 0.0 []
711000	546623	157.82	10942.7	0.003715	0.000000	0
712000	547387	158.84	10956.8	0.003786	0.000000	2
713000	548216	158.62	10970.9	0.003781	0.000000	0
714000	549013	158.41	10984.2	0.003789	0.000000	1
715000	549791	157.54	10998.8	0.003809	0.000000	2
716000	550553	157.59	11011.5	0.003724	0.000000	1
717000	551341	157.39	11024.4	0.003684	0.000000	0
718000	552119	158.46	11037.2	0.003696	0.000000	1
719000	552966	157.84	11050.2	0.003729	0.000000	0
720000	553781	158.54	11063.3	0.003772	0.000000	2
174.78 4.71 19.86 15.09 0.47 1.32 2.3 0.0 []
721000	554568	157.91	11080.9	0.003660	0.000000	1
722000	555359	158.43	11093.7	0.003688	0.000000	2
723000	556182	157.13	11106.6	0.003756	0.000000	1
724000	556983	158.16	11119.6	0.003778	0.000000	0
725000	557763	158.42	11132.3	0.003796	0.000000	1
726000	558524	157.90	11145.5	0.003734	0.000000	1
727000	559271	158.82	11158.2	0.003758	0.000000	0
728000	560065	157.80	11170.9	0.003797	0.000000	2
729000	560860	158.29	11183.9	0.003831	0.000000	0
730000	561639	159.16	11196.8	0.003857	0.000000	1
163.47 4.23 18.23 13.93 1.09 2.0 1.36 0.0 []
731000	562438	158.68	11214.1	0.003714	0.000000	1
732000	563244	159.75	11227.1	0.003628	0.000000	1
733000	564069	159.65	11240.1	0.003608	0.000000	1
734000	564897	159.17	11253.2	0.003629	0.000000	1
735000	565753	159.20	11266.3	0.003622	0.000000	1
736000	566511	159.20	11279.2	0.003679	0.000000	1
737000	567298	159.49	11292.0	0.003694	0.000000	0
738000	568091	159.78	11304.9	0.003652	0.000000	2
739000	568881	159.03	11317.7	0.003663	0.000000	0
740000	569623	159.52	11330.3	0.003672	0.000000	1
172.25 4.7 19.46 14.94 0.64 1.6 2.04 0.0 []
741000	570448	160.67	11348.1	0.003590	0.000000	0
742000	571277	159.55	11361.2	0.003613	0.000000	1
743000	572121	160.26	11374.2	0.003645	0.000000	1
744000	572889	160.42	11386.9	0.003681	0.000000	1
745000	573632	160.24	11399.6	0.003663	0.000000	1
746000	574413	160.55	11412.6	0.003692	0.000000	0
747000	575230	159.37	11425.5	0.003721	0.000000	1
748000	575995	160.76	11438.3	0.003687	0.000000	2
749000	576790	160.28	11451.2	0.003806	0.000000	0
750000	577644	160.98	11464.4	0.003743	0.000000	1
176.29 4.84 19.72 15.49 0.7 1.77 1.91 0.0 []
751000	578467	161.30	11482.5	0.003653	0.000000	0
752000	579240	159.64	11495.4	0.003641	0.000000	2
753000	580003	160.31	11508.1	0.003622	0.000000	1
754000	580810	159.97	11521.0	0.003561	0.000000	2
755000	581591	159.67	11533.9	0.003579	0.000000	0
756000	582343	160.48	11546.6	0.003633	0.000000	0
757000	583153	160.34	11559.6	0.003676	0.000000	1
758000	583912	159.80	11572.3	0.003616	0.000000	2
759000	584742	160.08	11585.3	0.003708	0.000000	1
760000	585523	160.53	11598.2	0.003702	0.000000	1
175.02 4.77 19.55 15.18 0.67 1.56 1.95 0.0 []
761000	586307	160.26	11616.0	0.003706	0.000000	0
762000	587118	159.57	11629.0	0.003787	0.000000	0
763000	587958	159.70	11642.1	0.003792	0.000000	3
764000	588765	159.90	11655.3	0.003899	0.000000	0
765000	589552	161.85	11668.2	0.003883	0.000000	0
766000	590333	159.95	11681.1	0.003945	0.000000	0
767000	591143	159.53	11694.1	0.004005	0.000000	0
768000	591901	158.82	11707.0	0.003961	0.000000	0
769000	592737	158.74	11720.0	0.003917	0.000000	0
770000	593531	159.32	11733.0	0.003825	0.000000	0
160.21 4.09 17.88 13.61 1.19 2.02 1.23 0.0 []
771000	594306	160.28	11750.3	0.003514	0.000000	0
772000	595113	160.01	11763.4	0.003430	0.000000	1
773000	595870	159.69	11776.2	0.003445	0.000000	1
774000	596677	160.06	11789.2	0.003388	0.000000	0
775000	597453	159.55	11802.1	0.003393	0.000000	0
776000	598259	160.44	11815.1	0.003373	0.000000	0
777000	599058	161.00	11828.1	0.003495	0.000000	2
778000	599866	159.69	11841.1	0.003495	0.000000	0
779000	600639	159.04	11854.0	0.003507	0.000000	0
780000	601478	159.54	11867.1	0.003429	0.000000	2
164.15 4.26 18.41 14.05 1.03 1.9 1.44 0.0 []
781000	602217	156.46	11884.0	0.003436	0.000000	0
782000	602970	157.98	11896.7	0.003545	0.000000	0
783000	603735	157.74	11909.2	0.003542	0.000000	1
784000	604463	157.28	11921.8	0.003588	0.000000	0
785000	605238	157.08	11934.3	0.003585	0.000000	2
786000	605956	158.56	11946.9	0.003589	0.000000	0
787000	606718	158.32	11959.6	0.003609	0.000000	0
788000	607471	158.16	11972.3	0.003624	0.000000	0
789000	608251	158.53	11985.0	0.003616	0.000000	1
790000	609111	158.85	11998.1	0.003612	0.000000	1
160.8 4.35 18.36 13.91 0.91 1.94 1.64 0.0 []
791000	609918	157.32	12015.2	0.003559	0.000000	0
792000	610674	158.89	12027.9	0.003467	0.000000	1
793000	611505	159.09	12040.9	0.003450	0.000000	1
794000	612225	158.41	12053.5	0.003489	0.000000	0
795000	612982	159.59	12066.3	0.003531	0.000000	1
796000	613758	159.03	12079.1	0.003514	0.000000	0
797000	614482	159.00	12091.6	0.003461	0.000000	2
798000	615292	159.01	12104.5	0.003501	0.000000	2
799000	616078	157.57	12117.5	0.003466	0.000000	0
800000	616917	158.07	12130.4	0.003420	0.000000	0
162.25 4.7 18.37 13.8 0.64 1.67 2.07 0.0 []
801000	617706	159.91	12147.7	0.003507	0.000000	1
802000	618518	159.94	12160.5	0.003591	0.000000	0
803000	619276	158.94	12173.3	0.003599	0.000000	1
804000	620014	158.80	12185.8	0.003739	0.000000	0
805000	620743	159.61	12198.5	0.003718	0.000000	2
806000	621546	159.18	12211.4	0.003755	0.000000	0
807000	622331	160.38	12224.3	0.003751	0.000000	1
808000	623104	159.46	12237.1	0.003800	0.000000	0
809000	623881	159.56	12249.8	0.003740	0.000000	0
810000	624668	160.48	12262.7	0.003829	0.000000	0
165.14 4.69 18.59 13.96 0.6 1.48 2.14 0.0 []
811000	625493	160.02	12280.2	0.003737	0.000000	0
812000	626276	158.81	12293.0	0.003713	0.000000	1
813000	627065	159.25	12305.9	0.003728	0.000000	0
814000	627858	159.38	12318.7	0.003682	0.000000	0
815000	628662	160.42	12331.6	0.003706	0.000000	1
816000	629476	159.83	12344.5	0.003728	0.000000	1
817000	630254	159.70	12357.3	0.003768	0.000000	1
818000	631030	159.71	12370.1	0.003735	0.000000	0
819000	631805	159.64	12383.0	0.003823	0.000000	0
820000	632607	159.24	12395.8	0.003776	0.000000	0
173.88 4.66 19.8 14.99 0.46 1.29 2.32 0.0 []
821000	633410	158.16	12413.3	0.003827	0.000000	0
822000	634130	158.22	12425.7	0.003881	0.000000	0
823000	634898	158.49	12438.4	0.003907	0.000000	2
824000	635684	157.66	12451.1	0.003975	0.000000	1
825000	636449	159.20	12463.9	0.004059	0.000000	0
826000	637271	158.77	12476.9	0.004009	0.000000	1
827000	638038	160.26	12489.7	0.004019	0.000000	1
828000	638842	160.79	12502.7	0.004086	0.000000	1
829000	639650	159.69	12515.7	0.004109	0.000000	2
830000	640417	159.19	12528.4	0.004136	0.000000	2
172.43 4.42 19.19 14.68 0.82 1.9 1.76 0.0 []
831000	641220	159.10	12545.9	0.003886	0.000000	0
832000	642004	159.13	12558.9	0.003734	0.000000	2
833000	642814	160.44	12571.9	0.003739	0.000000	1
834000	643596	160.01	12584.8	0.003795	0.000000	0
835000	644410	159.66	12597.8	0.003737	0.000000	1
836000	645184	159.80	12610.8	0.003735	0.000000	0
837000	646008	160.43	12623.9	0.003770	0.000000	0
838000	646790	159.63	12636.9	0.003777	0.000000	2
839000	647588	161.40	12650.0	0.003717	0.000000	0
840000	648369	160.32	12663.1	0.003706	0.000000	0
173.65 4.95 19.89 15.2 0.37 1.1 2.48 0.0 []
841000	649112	157.64	12680.5	0.003821	0.000000	1
842000	649909	157.68	12693.4	0.003855	0.000000	0
843000	650692	158.42	12706.2	0.003969	0.000000	1
844000	651463	157.78	12719.0	0.003925	0.000000	1
845000	652227	157.79	12732.1	0.003932	0.000000	0
846000	653045	157.49	12745.0	0.003957	0.000000	0
847000	653821	159.04	12757.9	0.003963	0.000000	1
848000	654577	158.54	12770.6	0.003992	0.000000	1
849000	655353	158.34	12783.5	0.004062	0.000000	1
850000	656163	158.48	12796.4	0.003970	0.000000	0
174.73 4.82 19.49 15.19 0.71 1.61 1.94 0.0 []
851000	656970	157.94	12814.2	0.003758	0.000000	0
852000	657741	159.41	12827.1	0.003667	0.000000	1
853000	658538	158.75	12840.0	0.003713	0.000000	3
854000	659316	159.14	12852.9	0.003687	0.000000	1
855000	660089	158.71	12865.8	0.003734	0.000000	0
856000	660876	158.51	12878.7	0.003786	0.000000	0
857000	661690	159.75	12891.8	0.003819	0.000000	0
858000	662459	159.01	12904.6	0.003839	0.000000	1
859000	663296	160.16	12917.8	0.003802	0.000000	2
860000	664106	159.03	12930.9	0.003827	0.000000	3
161.01 4.19 18.22 13.83 1.06 1.9 1.38 0.0 []
861000	664915	159.23	12948.3	0.004004	0.000000	0
862000	665706	159.84	12961.2	0.003999	0.000000	0
863000	666502	158.30	12974.2	0.004097	0.000000	1
864000	667294	159.52	12987.1	0.004113	0.000000	0
865000	668121	159.74	13000.2	0.004045	0.000000	1
866000	668939	159.51	13013.2	0.004010	0.000000	2
867000	669708	160.68	13026.1	0.004075	0.000000	0
868000	670497	161.39	13039.2	0.004068	0.000000	0
869000	671256	159.35	13052.1	0.004090	0.000000	2
870000	672031	160.56	13065.1	0.004116	0.000000	1
168.01 4.49 19.45 14.36 0.39 1.0 2.41 0.0 []
871000	672832	159.80	13082.6	0.004101	0.000000	0
872000	673641	160.39	13095.7	0.004132	0.000000	0
873000	674441	160.36	13108.7	0.004168	0.000000	1
874000	675250	160.66	13121.8	0.004103	0.000000	1
875000	676080	161.49	13135.1	0.004155	0.000000	0
876000	676877	161.45	13148.2	0.004106	0.000000	1
877000	677682	160.46	13161.4	0.003979	0.000000	3
878000	678487	161.21	13174.6	0.004023	0.000000	0
879000	679271	159.60	13187.5	0.004028	0.000000	0
880000	680090	159.63	13200.5	0.004007	0.000000	0
176.26 4.42 19.93 15.13 0.6 1.48 2.08 0.0 []
881000	680870	157.84	13217.9	0.003739	0.000000	1
882000	681620	158.07	13230.6	0.003739	0.000000	0
883000	682401	159.54	13243.5	0.003787	0.000000	0
884000	683177	158.62	13256.3	0.003825	0.000000	3
885000	684046	158.03	13269.5	0.003813	0.000000	0
886000	684826	160.06	13282.4	0.003812	0.000000	1
887000	685606	160.42	13295.4	0.003868	0.000000	2
888000	686434	160.21	13308.4	0.003906	0.000000	0
889000	687284	159.72	13321.6	0.003904	0.000000	0
890000	688095	159.58	13334.6	0.003981	0.000000	1
180.91 4.25 20.4 15.68 0.79 1.79 1.78 0.0 []
891000	688858	160.27	13352.4	0.003724	0.000000	2
892000	689668	160.34	13365.4	0.003729	0.000000	0
893000	690458	159.66	13378.4	0.003680	0.000000	1
894000	691286	159.10	13391.5	0.003706	0.000000	2
895000	692091	159.82	13404.6	0.003716	0.000000	0
896000	692905	160.22	13417.7	0.003650	0.000000	0
897000	693673	160.11	13430.4	0.003745	0.000000	1
898000	694469	160.57	13443.6	0.003709	0.000000	2
899000	695220	160.01	13456.5	0.003770	0.000000	0
900000	696029	160.18	13469.6	0.003773	0.000000	2
161.39 4.25 18.24 13.73 0.94 1.88 1.61 0.0 []
901000	696803	159.37	13486.9	0.003632	0.000000	0
902000	697654	160.16	13500.1	0.003689	0.000000	1
903000	698461	159.44	13513.1	0.003777	0.000000	0
904000	699273	160.00	13526.2	0.003846	0.000000	0
905000	700108	159.80	13539.3	0.003850	0.000000	3
906000	700955	160.20	13552.5	0.003850	0.000000	0
907000	701735	159.92	13565.5	0.003756	0.000000	2
908000	702546	160.58	13578.5	0.003770	0.000000	0
909000	703322	160.25	13591.4	0.003870	0.000000	1
910000	704054	162.08	13604.2	0.003825	0.000000	2
166.48 4.16 18.52 13.88 0.95 1.97 1.62 0.0 []
911000	704898	161.99	13621.9	0.003873	0.000000	3
912000	705653	159.95	13634.7	0.003856	0.000000	3
913000	706441	160.31	13647.8	0.003906	0.000000	2
914000	707256	161.10	13660.9	0.003865	0.000000	0
915000	708041	160.09	13673.8	0.003747	0.000000	3
916000	708816	160.40	13686.8	0.003752	0.000000	1
917000	709599	160.32	13699.7	0.003795	0.000000	0
918000	710385	160.46	13712.7	0.003737	0.000000	1
919000	711194	161.10	13725.8	0.003815	0.000000	0
920000	711985	161.53	13738.8	0.003841	0.000000	1
163.09 4.22 18.07 13.52 0.95 2.01 1.6 0.0 []
921000	712775	158.84	13761.0	0.003988	0.000000	2
922000	713560	160.77	13786.7	0.004092	0.000000	0
923000	714293	160.07	13802.8	0.004164	0.000000	0
924000	715067	161.14	13820.4	0.004249	0.000000	0
925000	715865	159.93	13839.2	0.004294	0.000000	1
926000	716672	159.92	13851.9	0.004226	0.000000	0
927000	717461	160.84	13869.7	0.004203	0.000000	0
928000	718226	161.24	13887.6	0.004203	0.000000	1
929000	719039	161.59	13905.8	0.004215	0.000000	0
930000	719858	160.62	13923.9	0.004230	0.000000	0
167.12 4.47 19.15 14.45 0.7 1.79 1.98 0.0 []
931000	720648	161.68	13948.4	0.003731	0.000000	0
932000	721454	162.10	13966.3	0.003730	0.000000	2
933000	722313	161.60	13985.4	0.003683	0.000000	1
934000	723074	161.70	14003.4	0.003705	0.000000	0
935000	723867	160.62	14021.4	0.003725	0.000000	0
936000	724674	161.33	14039.2	0.003693	0.000000	1
937000	725513	160.55	14057.0	0.003684	0.000000	2
938000	726342	162.01	14075.0	0.003710	0.000000	0
939000	727122	161.51	14092.7	0.003716	0.000000	1
940000	727933	162.26	14110.5	0.003711	0.000000	0
173.74 4.65 19.1 14.7 0.78 1.85 1.87 0.0 []
941000	728726	159.30	14134.4	0.003646	0.000000	2
942000	729536	159.97	14152.1	0.003696	0.000000	2
943000	730349	159.31	14170.1	0.003714	0.000000	0
944000	731096	159.36	14185.8	0.003784	0.000000	0
945000	731941	158.91	14200.9	0.003837	0.000000	1
946000	732716	159.63	14219.1	0.003849	0.000000	1
947000	733518	158.88	14240.1	0.003847	0.000000	0
948000	734284	158.92	14259.4	0.003806	0.000000	0
949000	735070	159.83	14277.3	0.003888	0.000000	2
950000	735890	160.37	14295.6	0.003859	0.000000	0
171.74 4.46 19.39 14.89 0.86 2.0 1.77 0.0 []
951000	736652	160.38	14320.0	0.003630	0.000000	0
952000	737429	160.50	14338.6	0.003647	0.000000	0
953000	738227	159.96	14357.1	0.003621	0.000000	1
954000	739040	160.89	14375.1	0.003495	0.000000	0
955000	739893	160.11	14394.2	0.003579	0.000000	2
956000	740698	160.27	14412.8	0.003633	0.000000	2
957000	741499	159.87	14431.1	0.003640	0.000000	1
958000	742327	160.39	14449.5	0.003630	0.000000	1
959000	743131	159.86	14467.9	0.003637	0.000000	0
960000	743979	160.45	14482.8	0.003619	0.000000	1
175.55 4.76 20.05 15.51 0.58 1.35 2.14 0.0 []
961000	744727	159.00	14506.7	0.003704	0.000000	2
962000	745483	159.19	14523.2	0.003741	0.000000	0
963000	746325	158.92	14537.9	0.003778	0.000000	1
964000	747089	160.48	14551.1	0.003725	0.000000	0
965000	747892	159.90	14564.4	0.003747	0.000000	0
966000	748717	158.80	14577.5	0.003756	0.000000	0
967000	749492	158.94	14590.4	0.003758	0.000000	0
968000	750289	160.17	14603.9	0.003791	0.000000	1
969000	751088	158.92	14617.0	0.003772	0.000000	1
970000	751870	160.56	14630.2	0.003761	0.000000	0
174.33 4.3 19.39 14.66 0.82 1.9 1.82 0.0 []
971000	752716	160.04	14648.0	0.003782	0.000000	1
972000	753510	160.59	14661.3	0.003778	0.000000	2
973000	754300	160.61	14674.5	0.003782	0.000000	0
974000	755085	159.23	14687.6	0.003807	0.000000	0
975000	755900	161.20	14700.9	0.003814	0.000000	1
976000	756670	159.74	14713.9	0.003743	0.000000	1
977000	757511	160.49	14727.3	0.003731	0.000000	0
978000	758285	160.97	14740.3	0.003738	0.000000	0
979000	759077	162.29	14753.7	0.003752	0.000000	0
980000	759854	159.73	14766.8	0.003728	0.000000	0
178.98 4.7 19.9 15.14 0.5 1.4 2.28 0.0 []
981000	760646	160.85	14785.0	0.003619	0.000000	1
982000	761422	161.08	14798.1	0.003651	0.000000	0
983000	762234	161.15	14811.3	0.003687	0.000000	2
984000	763023	160.73	14824.5	0.003725	0.000000	2
985000	763814	160.77	14837.6	0.003730	0.000000	1
986000	764659	162.06	14851.1	0.003674	0.000000	3
987000	765437	162.15	14864.3	0.003731	0.000000	1
988000	766266	162.60	14877.7	0.003703	0.000000	0
989000	767088	161.89	14891.1	0.003721	0.000000	1
990000	767869	161.66	14904.3	0.003721	0.000000	0
172.19 4.61 19.6 14.69 0.45 1.16 2.37 0.0 []
991000	768674	161.07	14922.2	0.003698	0.000000	0
992000	769468	161.59	14935.5	0.003709	0.000000	0
993000	770250	162.41	14948.7	0.003693	0.000000	2
994000	771055	162.27	14962.1	0.003827	0.000000	1
995000	771837	162.01	14975.2	0.003763	0.000000	0
996000	772674	162.48	14988.6	0.003775	0.000000	0
997000	773473	161.58	15001.9	0.003801	0.000000	2
998000	774293	162.15	15015.3	0.003782	0.000000	3
999000	775142	161.52	15028.8	0.003783	0.000000	2
1000000	775928	161.03	15042.0	0.003772	0.000000	1
166.69 4.44 18.35 13.92 0.85 1.79 1.73 0.0 []

