Model code is 0_50_3369
Params:
general config model_type: VRPSCD, operation: train, trials: 50000, code: 0_50_3369, base_address: Models/Min/VRPSCD/, nb: 15, instance_count: None, start_train_trial: 0
instance config n: 0, m: 0, capacity: [50], duration_limit: 103.05, real_duration_limit: [103.05], density_class: 0, stoch_type: None, depot: [50, 50]
rl config nb: 15, generalized: 1, preempt_action: 1, trials: 50000, gama: 0.999, lr: 0.0005, memory_size: 100000, batch_size: 128, update_freq: 15, replace_target_iter: 10000, test_every: 10000, net_struct: 4, ep_max: 500000, update_prob: 0.04, lr_decay: [100000.0, 2000000.0, 0.001, 0.0001, 10000.0], q_steps: 1, use_double_qn: 1


Trials	#trains	reward	time	loss
1000	581	113.25	4.1	0.034558	0.000000	0
2000	1227	118.29	9.3	0.028149	0.000000	0
3000	1884	121.83	15.4	0.028240	0.000000	1
4000	2535	127.25	22.3	0.029573	0.000000	0
5000	3217	130.13	30.7	0.029369	0.000000	0
6000	3911	132.37	40.6	0.028541	0.000000	0
7000	4615	132.85	53.4	0.027371	0.000000	0
8000	5354	134.13	64.2	0.029826	0.000000	0
9000	6023	134.97	75.0	0.029422	0.000000	0
10000	6733	136.48	86.0	0.029874	0.000000	0
127.19 3.0 20.73 13.9 0.9 1.91 1.73 0.0 []
11000	7438	138.28	101.2	0.029923	0.000000	0
12000	8157	138.59	112.8	0.028549	0.000000	0
13000	8897	137.93	124.2	0.033140	0.000000	0
14000	9593	139.03	135.3	0.030063	0.000000	0
15000	10266	138.75	146.5	0.029645	0.000000	0
16000	11002	138.69	157.8	0.028881	0.000000	0
17000	11679	139.24	169.1	0.028443	0.000000	1
18000	12353	139.54	180.3	0.028587	0.000000	0
19000	13097	139.15	191.6	0.026874	0.000000	1
20000	13849	140.54	203.0	0.028940	0.000000	0
128.28 3.37 20.57 13.42 0.43 0.93 2.38 0.0 []
21000	14554	138.13	218.3	0.007325	0.000000	0
22000	15286	139.56	229.7	0.006901	0.000000	0
23000	16022	139.86	241.0	0.006663	0.000000	0
24000	16720	141.68	252.4	0.006645	0.000000	0
25000	17423	141.16	263.6	0.006470	0.000000	0
26000	18124	142.07	274.9	0.006341	0.000000	0
27000	18768	142.65	285.9	0.006266	0.000000	0
28000	19507	142.45	297.3	0.006217	0.000000	0
29000	20223	143.77	308.8	0.006312	0.000000	0
30000	20882	142.55	319.9	0.006316	0.000000	0
130.46 3.92 20.0 13.0 0.11 0.29 2.85 0.0 []
31000	21579	143.50	335.2	0.006045	0.000000	0
32000	22270	144.24	346.4	0.005990	0.000000	0
33000	22965	143.35	357.6	0.006034	0.000000	1
34000	23684	143.85	369.0	0.005874	0.000000	0
35000	24417	143.68	380.5	0.005950	0.000000	0
36000	25165	144.77	391.9	0.005961	0.000000	0
37000	25902	144.11	403.4	0.005814	0.000000	0
38000	26615	144.33	414.7	0.005782	0.000000	1
39000	27314	143.61	426.1	0.005836	0.000000	0
40000	28051	143.72	437.5	0.005729	0.000000	0
135.6 3.32 21.1 14.24 0.6 1.38 2.05 0.0 []
41000	28749	141.08	453.1	0.005874	0.000000	1
42000	29471	142.42	464.6	0.006012	0.000000	0
43000	30148	143.36	476.0	0.006178	0.000000	0
44000	30814	143.64	487.3	0.006149	0.000000	0
45000	31584	142.83	499.0	0.006180	0.000000	3
46000	32347	143.78	510.8	0.005983	0.000000	0
47000	33074	144.02	522.4	0.006063	0.000000	0
48000	33795	143.92	533.8	0.005918	0.000000	0
49000	34510	144.09	545.3	0.005889	0.000000	0
50000	35191	144.49	556.8	0.005924	0.000000	0
135.84 3.04 21.38 14.53 0.88 1.8 1.72 0.0 []

