Model code is 0_50_9882
Params:
general config model_type: VRPSCD, operation: train, trials: 250000, code: 0_50_9882, base_address: Models/Min/VRPSCD/, nb: 15, instance_count: None, start_train_trial: 0
instance config n: 0, m: 0, capacity: [50], duration_limit: 103.05, real_duration_limit: [103.05], density_class: 0, stoch_type: None, depot: [50, 50]
rl config nb: 15, generalized: 1, preempt_action: 1, trials: 250000, gama: 0.999, lr: 0.0005, memory_size: 100000, batch_size: 128, update_freq: 15, replace_target_iter: 10000, test_every: 10000, net_struct: 4, ep_max: 500000, update_prob: 0.04, lr_decay: [100000.0, 2000000.0, 0.001, 0.0001, 10000.0], q_steps: 1, use_double_qn: 1

Trials	#trains	reward	time	loss
1000	546	110.47	3.5	0.061549	0.000000	0
2000	1156	111.71	7.3	0.053100	0.000000	0
3000	1748	112.90	11.2	0.051196	0.000000	0
4000	2377	113.91	15.6	0.053144	0.000000	0
5000	3033	114.10	20.7	0.048364	0.000000	0
6000	3639	117.24	25.4	0.049765	0.000000	0
7000	4242	118.90	32.1	0.055532	0.000000	0
8000	4885	119.51	39.7	0.052247	0.000000	0
9000	5507	119.89	46.5	0.049689	0.000000	0
10000	6136	122.22	54.6	0.050099	0.000000	0
157.34 4.05 14.96 15.4 1.1 2.08 1.44 0.0 []
11000	6807	123.75	67.2	0.051151	0.000000	0
12000	7466	124.58	74.8	0.052497	0.000000	0
13000	8104	123.35	83.4	0.052285	0.000000	0
14000	8776	125.22	93.3	0.051470	0.000000	0
15000	9457	126.57	110.1	0.050005	0.000000	0
16000	10151	127.25	119.2	0.050413	0.000000	0
17000	10807	127.79	128.1	0.049338	0.000000	0
18000	11490	129.14	137.1	0.047534	0.000000	0
19000	12158	129.58	146.1	0.049072	0.000000	0
20000	12785	129.10	154.9	0.051946	0.000000	0
179.98 4.63 16.08 16.41 0.63 1.38 2.1 0.0 []
21000	13468	129.74	171.5	0.050446	0.000000	0
22000	14125	129.20	181.7	0.049827	0.000000	1
23000	14800	130.76	192.7	0.049244	0.000000	0
24000	15469	129.40	202.0	0.052453	0.000000	0
25000	16171	130.21	211.5	0.048706	0.000000	0
26000	16880	131.97	221.5	0.051055	0.000000	0
27000	17567	133.51	233.5	0.051970	0.000000	0
28000	18207	131.83	243.1	0.050364	0.000000	0
29000	18894	132.80	253.2	0.051551	0.000000	0
30000	19546	133.80	263.2	0.051186	0.000000	0
161.51 4.29 15.25 15.55 0.81 1.79 1.79 0.0 []
31000	20211	135.00	278.2	0.048864	0.000000	0
32000	20934	137.03	289.0	0.051643	0.000000	0
33000	21626	134.73	299.4	0.050598	0.000000	0
34000	22336	134.22	310.8	0.049973	0.000000	0
35000	23033	136.49	322.2	0.047772	0.000000	0
36000	23712	136.30	332.7	0.050643	0.000000	0
37000	24424	135.72	343.9	0.050095	0.000000	0
38000	25095	136.65	354.5	0.050637	0.000000	0
39000	25763	136.58	365.1	0.049002	0.000000	0
40000	26474	136.86	376.2	0.052332	0.000000	0
148.51 3.5 14.28 14.24 1.18 2.1 1.36 0.0 []
41000	27153	133.34	391.9	0.051266	0.000000	0
42000	27832	134.19	403.7	0.050233	0.000000	0
43000	28553	134.67	415.2	0.047974	0.000000	0
44000	29237	135.42	426.8	0.050515	0.000000	0
45000	29858	135.50	438.2	0.052242	0.000000	0
46000	30531	135.15	448.9	0.050969	0.000000	0
47000	31225	136.78	460.4	0.051008	0.000000	0
48000	31940	137.21	472.5	0.051251	0.000000	0
49000	32612	137.52	484.9	0.051089	0.000000	0
50000	33322	136.96	497.1	0.048666	0.000000	0
167.74 4.06 15.71 15.15 0.36 0.95 2.48 0.0 []
51000	33975	136.88	513.2	0.048585	0.000000	0
52000	34679	136.89	526.4	0.050158	0.000000	0
53000	35349	137.06	537.1	0.047577	0.000000	0
54000	36042	138.31	547.9	0.049705	0.000000	0
55000	36758	138.52	561.5	0.047928	0.000000	0
56000	37417	137.89	572.2	0.047923	0.000000	0
57000	38122	138.70	583.4	0.049620	0.000000	0
58000	38818	136.77	594.4	0.051105	0.000000	0
59000	39536	138.59	605.9	0.049394	0.000000	1
60000	40225	138.32	617.1	0.050982	0.000000	0
146.73 3.76 14.49 13.67 0.35 0.92 2.51 0.0 []
61000	40922	136.58	632.9	0.049509	0.000000	0
62000	41618	137.47	648.2	0.051559	0.000000	0
63000	42318	138.24	660.8	0.048535	0.000000	0
64000	43031	138.73	673.5	0.049735	0.000000	0
65000	43722	138.80	687.1	0.052737	0.000000	0
66000	44452	140.21	701.5	0.050993	0.000000	0
67000	45185	139.75	714.4	0.052294	0.000000	0
68000	45879	139.45	726.4	0.053290	0.000000	0
69000	46570	139.48	740.7	0.055782	0.000000	0
70000	47270	140.22	752.9	0.051679	0.000000	0
164.55 4.35 15.37 15.71 0.8 1.83 1.82 0.0 []
71000	48007	142.69	769.3	0.012113	0.000000	0
72000	48692	142.49	783.6	0.011506	0.000000	0
73000	49419	141.88	794.9	0.011353	0.000000	0
74000	50142	142.74	806.3	0.011305	0.000000	0
75000	50827	141.98	817.5	0.011231	0.000000	0
76000	51580	143.28	829.7	0.011407	0.000000	0
77000	52280	142.59	842.6	0.011353	0.000000	0
78000	52968	143.39	854.0	0.011438	0.000000	0
79000	53671	143.07	865.5	0.011482	0.000000	0
80000	54332	142.90	877.5	0.011571	0.000000	0
160.41 4.21 14.43 14.77 0.89 1.9 1.63 0.0 []
81000	55054	141.89	894.9	0.011557	0.000000	0
82000	55763	142.20	908.5	0.011473	0.000000	0
83000	56484	141.66	921.1	0.011572	0.000000	0
84000	57188	142.84	934.7	0.011548	0.000000	0
85000	57918	143.72	946.4	0.011536	0.000000	0
86000	58635	143.60	959.6	0.011450	0.000000	0
87000	59388	143.95	971.4	0.011400	0.000000	0
88000	60093	144.27	984.3	0.011343	0.000000	0
89000	60793	143.24	998.5	0.011406	0.000000	0
90000	61508	143.78	1011.8	0.011322	0.000000	0
159.84 3.92 13.27 13.79 1.2 2.05 1.26 0.0 []
91000	62209	144.24	1029.1	0.010944	0.000000	0
92000	62957	145.04	1044.0	0.011152	0.000000	0
93000	63667	143.83	1058.8	0.011000	0.000000	0
94000	64399	144.77	1071.4	0.011065	0.000000	1
95000	65098	142.50	1084.8	0.011104	0.000000	0
96000	65800	143.73	1099.2	0.010931	0.000000	0
97000	66534	144.26	1111.5	0.010771	0.000000	0
98000	67257	144.31	1126.1	0.010934	0.000000	0
99000	67965	143.72	1138.3	0.011129	0.000000	0
100000	68701	144.09	1149.8	0.010898	0.000000	0
160.44 4.17 13.7 13.73 0.71 1.64 1.97 0.0 []
101000	69389	141.63	1165.4	0.010974	0.000000	0
102000	70079	141.03	1176.9	0.011039	0.000000	0
103000	70742	141.17	1189.1	0.010845	0.000000	0
104000	71398	141.46	1201.1	0.011058	0.000000	0
105000	72113	142.34	1212.4	0.011010	0.000000	0
106000	72773	142.76	1223.2	0.010536	0.000000	0
107000	73500	142.69	1234.2	0.010530	0.000000	0
108000	74176	141.46	1245.0	0.010265	0.000000	0
109000	74888	142.94	1256.0	0.010408	0.000000	0
110000	75610	142.50	1267.0	0.010368	0.000000	0
162.1 4.15 14.66 14.9 0.84 1.83 1.74 0.0 []
111000	76305	141.49	1282.3	0.010369	0.000000	0
112000	77001	142.44	1293.4	0.010326	0.000000	0
113000	77685	141.91	1304.3	0.010277	0.000000	0
114000	78343	142.61	1315.0	0.010431	0.000000	0
115000	79060	142.23	1325.9	0.010043	0.000000	0
116000	79802	142.72	1337.0	0.010089	0.000000	1
117000	80522	142.93	1348.0	0.010272	0.000000	0
118000	81233	142.95	1358.9	0.010003	0.000000	0
119000	81949	142.88	1370.0	0.009827	0.000000	0
120000	82668	143.26	1380.9	0.009863	0.000000	0
155.19 3.95 13.58 13.53 0.77 1.51 1.82 0.0 []
121000	83379	142.49	1396.0	0.009865	0.000000	0
122000	84055	142.46	1406.8	0.010004	0.000000	1
123000	84795	143.11	1417.9	0.009977	0.000000	0
124000	85485	143.70	1428.8	0.010078	0.000000	0
125000	86204	142.80	1439.8	0.009862	0.000000	0
126000	86881	144.26	1450.7	0.009927	0.000000	0
127000	87559	143.36	1462.0	0.009881	0.000000	0
128000	88265	143.69	1473.0	0.009903	0.000000	0
129000	88956	143.71	1484.0	0.009731	0.000000	1
130000	89649	143.85	1494.9	0.009722	0.000000	0
166.26 4.32 14.65 15.03 0.9 1.78 1.7 0.0 []
131000	90288	144.36	1510.1	0.009930	0.000000	0
132000	90962	143.89	1521.1	0.009766	0.000000	1
133000	91654	143.78	1531.9	0.009711	0.000000	0
134000	92344	143.68	1542.8	0.009646	0.000000	0
135000	93082	144.77	1554.0	0.009607	0.000000	0
136000	93810	144.22	1565.0	0.009405	0.000000	2
137000	94491	143.55	1575.8	0.009499	0.000000	0
138000	95209	144.19	1586.8	0.009353	0.000000	0
139000	95902	143.66	1597.7	0.009371	0.000000	0
140000	96545	143.28	1608.4	0.009387	0.000000	0
163.5 4.39 14.11 14.03 0.5 1.27 2.28 0.0 []
141000	97216	141.38	1623.8	0.005926	0.000000	0
142000	97972	142.68	1635.0	0.005848	0.000000	0
143000	98662	143.64	1645.9	0.005792	0.000000	0
144000	99379	142.88	1657.0	0.005854	0.000000	0
145000	100075	142.92	1668.1	0.005788	0.000000	1
146000	100769	142.73	1679.1	0.005778	0.000000	0
147000	101441	143.67	1690.0	0.005755	0.000000	0
148000	102121	143.96	1701.4	0.005818	0.000000	0
149000	102761	143.54	1712.4	0.005657	0.000000	0
150000	103460	143.56	1724.3	0.005747	0.000000	0
171.08 4.55 14.74 15.23 0.74 1.6 1.89 0.0 []
151000	104171	143.18	1740.7	0.005543	0.000000	1
152000	104865	143.21	1752.8	0.005468	0.000000	0
153000	105573	142.53	1764.8	0.005348	0.000000	2
154000	106355	143.63	1776.1	0.005268	0.000000	1
155000	107086	143.74	1787.1	0.005229	0.000000	0
156000	107786	143.74	1798.2	0.005287	0.000000	0
157000	108497	144.46	1809.2	0.005272	0.000000	1
158000	109193	143.19	1821.1	0.005288	0.000000	0
159000	109893	144.09	1835.3	0.005285	0.000000	1
160000	110597	144.25	1847.0	0.005189	0.000000	1
160.36 4.17 14.17 14.37 0.87 1.83 1.76 0.0 []
161000	111302	143.66	1862.7	0.005253	0.000000	1
162000	112025	143.39	1874.0	0.005405	0.000000	0
163000	112718	144.04	1885.2	0.005429	0.000000	1
164000	113469	143.24	1896.7	0.005415	0.000000	0
165000	114252	144.45	1908.4	0.005536	0.000000	0
166000	114968	144.33	1919.8	0.005445	0.000000	0
167000	115650	144.76	1931.0	0.005442	0.000000	1
168000	116305	143.63	1942.0	0.005476	0.000000	0
169000	117023	144.87	1955.6	0.005461	0.000000	1
170000	117756	144.46	1967.2	0.005498	0.000000	0
163.56 4.11 13.83 14.21 1.0 1.91 1.53 0.0 []
171000	118433	145.20	1983.0	0.005473	0.000000	1
172000	119119	143.99	1994.3	0.005431	0.000000	1
173000	119824	143.16	2007.3	0.005453	0.000000	0
174000	120538	143.82	2020.7	0.005396	0.000000	0
175000	121248	144.44	2032.0	0.005410	0.000000	1
176000	121983	144.38	2043.9	0.005346	0.000000	1
177000	122678	143.85	2055.2	0.005404	0.000000	2
178000	123410	143.62	2066.6	0.005405	0.000000	0
179000	124155	144.71	2078.1	0.005417	0.000000	1
180000	124862	144.00	2089.4	0.005400	0.000000	0
174.34 4.13 15.63 15.68 0.8 1.83 1.88 0.0 []
181000	125591	144.22	2105.7	0.005507	0.000000	0
182000	126311	143.68	2117.0	0.005724	0.000000	0
183000	127040	144.32	2128.4	0.005789	0.000000	0
184000	127736	144.47	2139.7	0.005805	0.000000	0
185000	128395	143.95	2150.9	0.005773	0.000000	0
186000	129129	144.14	2162.3	0.005755	0.000000	0
187000	129887	145.18	2173.9	0.005701	0.000000	1
188000	130605	144.65	2185.3	0.005675	0.000000	0
189000	131290	144.24	2196.7	0.005647	0.000000	0
190000	131998	145.83	2208.9	0.005727	0.000000	0
167.14 4.13 14.96 15.19 0.91 1.86 1.72 0.0 []
191000	132777	144.99	2225.9	0.005778	0.000000	1
192000	133508	145.14	2237.7	0.005802	0.000000	0
193000	134242	144.53	2249.2	0.005861	0.000000	1
194000	135025	144.17	2261.3	0.005776	0.000000	1
195000	135738	143.87	2273.1	0.005824	0.000000	1
196000	136412	143.10	2285.4	0.005698	0.000000	0
197000	137077	144.14	2298.0	0.005593	0.000000	1
198000	137789	145.71	2309.4	0.005558	0.000000	0
199000	138456	143.19	2321.2	0.005570	0.000000	0
200000	139180	144.96	2333.1	0.005580	0.000000	0
167.77 4.26 14.72 15.14 0.94 1.84 1.64 0.0 []
201000	139912	142.23	2358.5	0.005448	0.000000	0
202000	140665	143.09	2370.4	0.005406	0.000000	1
203000	141343	143.46	2382.8	0.005458	0.000000	0
204000	142022	142.31	2394.7	0.005383	0.000000	0
205000	142731	143.63	2406.8	0.005449	0.000000	1
206000	143427	142.92	2421.4	0.005377	0.000000	0
207000	144128	142.47	2433.5	0.005376	0.000000	1
208000	144885	142.50	2447.2	0.005303	0.000000	1
209000	145573	142.10	2458.5	0.005413	0.000000	1
210000	146319	143.74	2470.2	0.005476	0.000000	0
156.76 3.77 13.11 13.24 1.11 2.05 1.43 0.0 []
211000	147002	144.18	2486.0	0.005563	0.000000	0
212000	147739	144.28	2497.9	0.005540	0.000000	1
213000	148475	144.48	2511.1	0.005523	0.000000	1
214000	149167	142.74	2523.3	0.005602	0.000000	1
215000	149867	143.45	2536.1	0.005673	0.000000	0
216000	150581	143.23	2549.4	0.005588	0.000000	0
217000	151243	143.42	2560.7	0.005567	0.000000	1
218000	151944	143.84	2572.2	0.005392	0.000000	0
219000	152661	142.90	2583.7	0.005416	0.000000	0
220000	153354	143.81	2595.4	0.005487	0.000000	0
163.12 4.04 13.83 14.01 0.92 1.8 1.69 0.0 []
221000	154071	141.36	2611.8	0.005618	0.000000	0
222000	154784	142.31	2624.7	0.005670	0.000000	1
223000	155504	141.71	2638.3	0.005751	0.000000	0
224000	156223	140.88	2652.4	0.005808	0.000000	1
225000	156934	141.55	2663.9	0.005699	0.000000	0
226000	157674	142.41	2677.3	0.005641	0.000000	0
227000	158413	142.45	2689.7	0.005678	0.000000	0
228000	159113	142.88	2702.0	0.005611	0.000000	0
229000	159860	142.34	2716.1	0.005523	0.000000	0
230000	160563	141.78	2727.9	0.005612	0.000000	0
168.64 4.31 15.36 15.68 0.87 1.79 1.77 0.0 []
231000	161280	142.17	2746.4	0.005564	0.000000	0
232000	161978	143.71	2758.1	0.005621	0.000000	0
233000	162731	143.50	2770.1	0.005616	0.000000	0
234000	163444	142.47	2781.8	0.005378	0.000000	1
235000	164167	141.92	2795.8	0.005504	0.000000	0
236000	164853	142.79	2807.2	0.005365	0.000000	0
237000	165542	141.86	2818.8	0.005471	0.000000	0
238000	166245	142.95	2833.1	0.005401	0.000000	0
239000	166997	142.93	2844.7	0.005345	0.000000	0
240000	167707	142.46	2856.2	0.005355	0.000000	1
160.54 4.1 13.66 13.97 0.98 2.01 1.63 0.0 []
241000	168455	141.13	2872.1	0.005375	0.000000	0
242000	169179	141.87	2883.7	0.005528	0.000000	2
243000	169897	141.50	2895.1	0.005467	0.000000	0
244000	170595	141.88	2906.6	0.005390	0.000000	0
245000	171272	141.99	2918.0	0.005423	0.000000	1
246000	171943	141.80	2929.3	0.005526	0.000000	0
247000	172636	142.54	2940.7	0.005426	0.000000	0
248000	173351	141.67	2952.1	0.005473	0.000000	0
249000	174079	140.86	2963.5	0.005398	0.000000	0
250000	174800	142.25	2975.0	0.005352	0.000000	0
166.57 4.12 14.65 14.33 0.48 1.23 2.31 0.0 []

