Model code is 0_50_1573
Params:
general config model_type: VRPSCD, operation: train, trials: 500000, code: 0_50_1573, base_address: Models/Min/VRPSCD/, nb: 15, instance_count: None, start_train_trial: 0
instance config n: 0, m: 0, capacity: [50], duration_limit: 103.05, real_duration_limit: [103.05], density_class: 0, stoch_type: None, depot: [50, 50]
rl config nb: 15, generalized: 1, preempt_action: 1, trials: 500000, gama: 0.999, lr: 0.0005, memory_size: 100000, batch_size: 128, update_freq: 15, replace_target_iter: 10000, test_every: 10000, net_struct: 4, ep_max: 500000, update_prob: 0.04, lr_decay: [100000.0, 2000000.0, 0.001, 0.0001, 10000.0], q_steps: 1, use_double_qn: 1

Trials	#trains	reward	time	loss
1000	545	111.09	3.6	0.052458	0.000000	0
2000	1138	109.91	7.1	0.045737	0.000000	0
3000	1782	109.75	10.8	0.039138	0.000000	0
4000	2373	108.80	14.7	0.037404	0.000000	0
5000	3015	111.41	18.7	0.037817	0.000000	0
6000	3581	112.51	23.7	0.035959	0.000000	0
7000	4193	113.08	29.2	0.039111	0.000000	0
8000	4819	113.84	35.8	0.033171	0.000000	0
9000	5451	116.25	42.4	0.034742	0.000000	0
10000	6059	115.71	48.5	0.033713	0.000000	0
156.8 4.27 14.29 16.14 0.49 0.96 2.32 0.0 []
11000	6659	117.59	60.2	0.009250	0.000000	0
12000	7251	118.61	67.0	0.007842	0.000000	0
13000	7883	120.28	73.6	0.007324	0.000000	0
14000	8527	120.99	80.2	0.007057	0.000000	0
15000	9169	121.42	88.7	0.006952	0.000000	0
16000	9836	122.82	96.4	0.006937	0.000000	0
17000	10438	123.26	103.5	0.006865	0.000000	0
18000	11070	123.99	110.5	0.006719	0.000000	0
19000	11730	124.72	117.7	0.006575	0.000000	0
20000	12364	125.53	125.0	0.006596	0.000000	0
161.64 4.09 11.34 13.23 0.69 1.67 2.05 0.0 []
21000	13010	126.44	136.7	0.006440	0.000000	0
22000	13717	127.19	144.5	0.006628	0.000000	0
23000	14343	127.95	152.2	0.006599	0.000000	0
24000	15007	129.34	160.1	0.006775	0.000000	0
25000	15718	129.25	168.3	0.006514	0.000000	0
26000	16418	131.14	176.6	0.006607	0.000000	0
27000	17088	130.26	184.7	0.006454	0.000000	0
28000	17706	131.69	192.9	0.006396	0.000000	0
29000	18458	133.26	201.6	0.006347	0.000000	0
30000	19164	133.15	210.2	0.006172	0.000000	0
162.91 4.61 12.25 14.22 0.38 0.98 2.45 0.0 []
31000	19875	133.61	223.6	0.006114	0.000000	0
32000	20526	133.72	232.2	0.005867	0.000000	0
33000	21239	133.57	241.1	0.005726	0.000000	0
34000	21906	133.93	250.4	0.005636	0.000000	0
35000	22593	134.02	259.3	0.005715	0.000000	0
36000	23302	134.99	268.3	0.005616	0.000000	0
37000	23995	135.25	277.3	0.005607	0.000000	0
38000	24732	137.14	286.7	0.005503	0.000000	0
39000	25418	136.00	295.8	0.005492	0.000000	0
40000	26051	138.10	304.9	0.005443	0.000000	0
148.24 3.2 11.54 13.7 1.48 2.12 0.87 0.0 []
41000	26773	135.69	318.3	0.006508	0.000000	1
42000	27457	137.06	327.7	0.006414	0.000000	0
43000	28138	137.66	337.1	0.006491	0.000000	1
44000	28831	139.02	346.6	0.006392	0.000000	0
45000	29521	139.05	356.2	0.006435	0.000000	0
46000	30202	138.65	365.7	0.006350	0.000000	0
47000	30921	140.43	375.5	0.006369	0.000000	0
48000	31598	139.27	385.0	0.006508	0.000000	0
49000	32321	141.72	394.9	0.006279	0.000000	1
50000	32996	139.54	404.6	0.006187	0.000000	0
160.73 4.03 11.39 13.63 1.01 1.95 1.59 0.0 []
51000	33724	140.60	418.7	0.005903	0.000000	0
52000	34457	141.05	428.7	0.005817	0.000000	0
53000	35111	142.52	438.7	0.005594	0.000000	0
54000	35841	142.26	448.9	0.005552	0.000000	0
55000	36519	142.81	459.0	0.005648	0.000000	0
56000	37188	142.47	469.2	0.005438	0.000000	0
57000	37891	142.43	479.4	0.005546	0.000000	0
58000	38575	143.47	489.5	0.005349	0.000000	1
59000	39302	142.86	499.9	0.005376	0.000000	1
60000	40041	142.28	510.3	0.005355	0.000000	1
155.93 3.57 10.75 13.0 1.31 2.1 1.14 0.0 []
61000	40731	142.15	524.5	0.004930	0.000000	0
62000	41509	141.78	535.2	0.004971	0.000000	0
63000	42220	143.44	545.6	0.005007	0.000000	0
64000	42954	143.80	556.2	0.004921	0.000000	0
65000	43648	145.38	566.7	0.004893	0.000000	0
66000	44347	144.46	577.2	0.004987	0.000000	0
67000	45038	144.47	587.7	0.004848	0.000000	2
68000	45813	145.25	598.8	0.004880	0.000000	0
69000	46575	145.97	609.7	0.004936	0.000000	4
70000	47276	145.37	620.3	0.004761	0.000000	0
163.0 4.36 11.8 13.93 0.67 1.48 2.04 0.0 []
71000	47997	144.88	635.3	0.004798	0.000000	0
72000	48684	145.25	646.0	0.004716	0.000000	0
73000	49440	145.38	657.0	0.004718	0.000000	0
74000	50156	146.33	667.8	0.004741	0.000000	0
75000	50850	145.97	678.7	0.004519	0.000000	0
76000	51555	146.35	689.6	0.004581	0.000000	0
77000	52286	146.46	700.5	0.004548	0.000000	0
78000	53027	147.53	711.6	0.004569	0.000000	0
79000	53767	146.56	722.7	0.004513	0.000000	1
80000	54531	146.57	733.8	0.004523	0.000000	0
171.63 4.4 12.45 14.94 0.87 1.85 1.76 0.0 []
81000	55238	145.16	749.6	0.004513	0.000000	0
82000	55985	145.85	760.6	0.004572	0.000000	0
83000	56744	146.45	771.9	0.004624	0.000000	1
84000	57496	146.43	783.0	0.004542	0.000000	0
85000	58253	146.14	794.3	0.004658	0.000000	0
86000	58987	147.14	806.8	0.004470	0.000000	2
87000	59707	146.64	818.5	0.004425	0.000000	1
88000	60432	147.41	830.1	0.004448	0.000000	1
89000	61114	147.65	841.3	0.004407	0.000000	0
90000	61898	147.10	852.9	0.004458	0.000000	2
160.92 4.09 11.89 14.05 0.81 1.97 1.8 0.0 []
91000	62609	147.87	868.6	0.004392	0.000000	0
92000	63316	146.90	879.9	0.004293	0.000000	0
93000	64067	146.59	891.5	0.004406	0.000000	0
94000	64750	146.97	903.2	0.004244	0.000000	1
95000	65472	147.74	914.5	0.004270	0.000000	0
96000	66222	146.25	926.0	0.004290	0.000000	0
97000	66974	147.52	937.4	0.004258	0.000000	0
98000	67687	148.35	948.9	0.004173	0.000000	0
99000	68456	148.20	961.1	0.004176	0.000000	1
100000	69178	148.22	972.6	0.004263	0.000000	1
160.26 4.61 12.01 14.18 0.5 1.39 2.25 0.0 []
101000	69918	148.03	989.9	0.004520	0.000000	1
102000	70625	147.47	1004.1	0.004488	0.000000	0
103000	71358	147.02	1015.6	0.004434	0.000000	0
104000	72055	147.07	1026.9	0.004550	0.000000	0
105000	72734	148.57	1038.3	0.004694	0.000000	0
106000	73462	148.78	1050.0	0.004529	0.000000	0
107000	74229	146.63	1062.1	0.004503	0.000000	0
108000	74957	147.98	1074.8	0.004486	0.000000	1
109000	75685	149.01	1087.5	0.004442	0.000000	0
110000	76446	150.49	1100.4	0.004387	0.000000	0
174.18 4.44 13.09 14.98 0.45 1.24 2.37 0.0 []
111000	77196	148.48	1117.7	0.004377	0.000000	0
112000	77927	149.21	1129.8	0.004354	0.000000	0
113000	78615	149.13	1143.7	0.004349	0.000000	0
114000	79389	148.96	1155.4	0.004283	0.000000	0
115000	80095	149.41	1166.9	0.004399	0.000000	1
116000	80856	147.74	1178.6	0.004409	0.000000	2
117000	81589	149.41	1190.2	0.004429	0.000000	0
118000	82356	149.22	1202.1	0.004372	0.000000	1
119000	83090	149.72	1213.8	0.004373	0.000000	0
120000	83820	149.35	1225.4	0.004434	0.000000	0
179.44 4.42 12.96 15.67 1.05 2.04 1.51 0.0 []
121000	84543	148.31	1242.0	0.004403	0.000000	0
122000	85284	150.38	1253.7	0.004342	0.000000	0
123000	86004	150.90	1265.4	0.004386	0.000000	0
124000	86743	150.51	1277.2	0.004517	0.000000	0
125000	87480	151.30	1289.0	0.004596	0.000000	1
126000	88184	151.11	1300.7	0.004760	0.000000	0
127000	88911	151.58	1312.4	0.004680	0.000000	0
128000	89711	151.23	1324.4	0.004746	0.000000	0
129000	90433	151.15	1336.1	0.004689	0.000000	0
130000	91160	150.60	1347.8	0.004543	0.000000	1
184.3 4.75 12.86 15.53 0.77 1.86 1.88 0.0 []
131000	91875	152.06	1364.5	0.004574	0.000000	1
132000	92598	151.77	1376.3	0.004511	0.000000	1
133000	93353	152.26	1388.2	0.004561	0.000000	0
134000	94109	151.99	1400.3	0.004498	0.000000	1
135000	94865	152.36	1412.3	0.004488	0.000000	1
136000	95606	152.73	1424.3	0.004587	0.000000	0
137000	96341	152.27	1436.2	0.004458	0.000000	1
138000	97037	151.52	1448.0	0.004447	0.000000	1
139000	97829	152.12	1460.1	0.004504	0.000000	0
140000	98605	151.50	1472.2	0.004498	0.000000	0
162.61 4.02 10.76 13.26 1.17 2.07 1.36 0.0 []
141000	99337	151.47	1488.3	0.004423	0.000000	0
142000	100057	151.46	1500.1	0.004470	0.000000	2
143000	100801	152.63	1512.1	0.004529	0.000000	0
144000	101527	153.54	1524.1	0.004656	0.000000	1
145000	102296	152.16	1536.1	0.004736	0.000000	0
146000	103061	153.06	1548.2	0.004821	0.000000	0
147000	103840	152.31	1560.3	0.004754	0.000000	0
148000	104625	152.17	1572.4	0.004787	0.000000	0
149000	105360	152.57	1584.4	0.004748	0.000000	1
150000	106137	152.97	1596.6	0.004748	0.000000	1
170.36 4.21 11.49 13.9 1.02 1.95 1.59 0.0 []
151000	106900	152.68	1613.0	0.004909	0.000000	0
152000	107693	154.46	1625.3	0.004832	0.000000	0
153000	108458	153.92	1637.5	0.004806	0.000000	0
154000	109256	153.55	1649.8	0.004782	0.000000	0
155000	110042	154.54	1662.2	0.004934	0.000000	1
156000	110789	153.74	1674.3	0.004800	0.000000	1
157000	111520	154.46	1686.5	0.004904	0.000000	1
158000	112303	154.82	1698.8	0.004820	0.000000	0
159000	113081	154.75	1711.1	0.004817	0.000000	0
160000	113846	155.02	1723.4	0.004869	0.000000	0
169.33 4.12 11.35 14.04 1.13 2.0 1.3 0.0 []
161000	114596	152.78	1739.9	0.004961	0.000000	0
162000	115359	153.41	1752.1	0.004926	0.000000	1
163000	116134	153.59	1764.3	0.005002	0.000000	2
164000	116888	153.81	1776.6	0.004995	0.000000	0
165000	117648	153.41	1788.7	0.004953	0.000000	0
166000	118396	153.07	1800.9	0.004925	0.000000	1
167000	119138	153.03	1813.1	0.004796	0.000000	2
168000	119891	154.37	1825.3	0.004897	0.000000	0
169000	120607	154.56	1837.4	0.004845	0.000000	0
170000	121367	155.19	1849.7	0.004801	0.000000	1
156.07 4.12 10.97 12.84 0.64 1.66 2.09 0.0 []
171000	122139	154.91	1866.2	0.004614	0.000000	1
172000	122886	154.74	1878.6	0.004619	0.000000	1
173000	123660	155.48	1891.0	0.004574	0.000000	0
174000	124427	155.23	1903.5	0.004512	0.000000	1
175000	125171	156.13	1915.8	0.004509	0.000000	0
176000	125941	154.52	1928.2	0.004496	0.000000	1
177000	126707	155.59	1940.6	0.004508	0.000000	1
178000	127511	155.26	1953.2	0.004522	0.000000	2
179000	128297	155.18	1965.8	0.004638	0.000000	2
180000	129112	155.59	1978.4	0.004657	0.000000	0
175.89 4.35 12.3 14.51 0.7 1.39 1.97 0.0 []
181000	129893	154.49	1995.4	0.004494	0.000000	1
182000	130698	154.19	2007.9	0.004604	0.000000	0
183000	131483	156.59	2020.5	0.004793	0.000000	0
184000	132281	155.22	2032.8	0.004710	0.000000	0
185000	133087	155.10	2045.3	0.004664	0.000000	1
186000	133848	155.19	2057.9	0.004577	0.000000	1
187000	134603	155.62	2070.3	0.004595	0.000000	2
188000	135373	155.48	2082.7	0.004543	0.000000	0
189000	136197	155.70	2095.3	0.004565	0.000000	0
190000	136976	155.81	2107.7	0.004644	0.000000	0
185.73 4.29 12.87 15.23 0.89 1.85 1.74 0.0 []
191000	137766	155.64	2125.0	0.004633	0.000000	0
192000	138511	154.96	2137.3	0.004537	0.000000	0
193000	139214	155.91	2149.6	0.004605	0.000000	1
194000	139981	156.75	2162.0	0.004629	0.000000	1
195000	140738	156.63	2174.6	0.004589	0.000000	2
196000	141487	155.03	2187.0	0.004611	0.000000	2
197000	142260	156.50	2199.5	0.004589	0.000000	1
198000	143032	156.40	2212.0	0.004559	0.000000	2
199000	143833	155.91	2224.6	0.004538	0.000000	0
200000	144613	155.33	2237.1	0.004548	0.000000	0
175.07 4.25 11.81 14.2 0.91 1.85 1.71 0.0 []
201000	145367	155.56	2254.5	0.004293	0.000000	0
202000	146151	155.59	2267.2	0.004279	0.000000	1
203000	146921	156.80	2279.8	0.004358	0.000000	0
204000	147676	156.13	2292.3	0.004339	0.000000	0
205000	148447	156.68	2305.2	0.004403	0.000000	0
206000	149268	157.12	2317.9	0.004346	0.000000	2
207000	150116	156.23	2330.8	0.004370	0.000000	0
208000	150944	157.08	2343.6	0.004448	0.000000	0
209000	151739	157.05	2356.4	0.004404	0.000000	0
210000	152563	157.02	2369.5	0.004375	0.000000	0
167.51 4.3 11.17 13.29 0.7 1.59 2.0 0.0 []
211000	153378	157.06	2386.5	0.003934	0.000000	0
212000	154125	157.15	2399.1	0.003934	0.000000	3
213000	154946	157.07	2411.9	0.003843	0.000000	0
214000	155732	157.15	2424.6	0.003832	0.000000	2
215000	156515	157.65	2437.3	0.003829	0.000000	0
216000	157279	157.54	2450.0	0.003961	0.000000	0
217000	158106	158.33	2462.9	0.003853	0.000000	0
218000	158848	157.90	2475.4	0.003883	0.000000	0
219000	159651	158.06	2488.3	0.003911	0.000000	0
220000	160492	157.22	2501.1	0.004001	0.000000	1
171.99 4.44 12.24 14.05 0.39 1.02 2.46 0.0 []
221000	161317	156.29	2518.5	0.004105	0.000000	1
222000	162099	157.57	2531.3	0.004167	0.000000	1
223000	162892	157.88	2544.2	0.004146	0.000000	0
224000	163668	158.55	2557.1	0.004142	0.000000	0
225000	164418	158.09	2569.9	0.004211	0.000000	1
226000	165226	158.00	2582.7	0.004211	0.000000	1
227000	166009	158.20	2595.5	0.004315	0.000000	0
228000	166748	158.31	2608.4	0.004322	0.000000	1
229000	167566	158.82	2621.4	0.004305	0.000000	1
230000	168345	159.07	2634.3	0.004241	0.000000	2
180.41 4.25 13.39 15.44 0.68 1.51 2.04 0.0 []
231000	169185	159.31	2652.2	0.004256	0.000000	1
232000	169941	159.60	2665.0	0.004230	0.000000	1
233000	170753	159.27	2678.1	0.004143	0.000000	0
234000	171507	158.67	2690.9	0.004250	0.000000	0
235000	172273	159.22	2703.8	0.004231	0.000000	0
236000	173042	158.82	2716.7	0.004198	0.000000	0
237000	173803	158.98	2729.6	0.004247	0.000000	0
238000	174584	158.80	2742.3	0.004281	0.000000	0
239000	175358	158.57	2755.2	0.004232	0.000000	0
240000	176178	158.36	2768.2	0.004264	0.000000	0
178.36 4.02 12.12 14.42 1.03 1.91 1.53 0.0 []
241000	176914	159.06	2785.4	0.004185	0.000000	2
242000	177685	158.74	2798.1	0.004281	0.000000	0
243000	178524	158.63	2811.1	0.004302	0.000000	1
244000	179362	158.31	2824.1	0.004362	0.000000	1
245000	180163	159.78	2836.9	0.004348	0.000000	1
246000	180924	159.69	2849.7	0.004370	0.000000	1
247000	181720	158.69	2862.5	0.004385	0.000000	0
248000	182522	158.53	2875.4	0.004323	0.000000	2
249000	183335	159.75	2888.4	0.004343	0.000000	1
250000	184121	159.05	2901.2	0.004340	0.000000	1
192.67 4.59 14.38 17.05 0.85 1.87 1.75 0.0 []
251000	184916	159.49	2919.4	0.004326	0.000000	0
252000	185728	160.41	2932.4	0.004325	0.000000	1
253000	186605	159.41	2945.7	0.004308	0.000000	1
254000	187383	158.21	2958.5	0.004299	0.000000	0
255000	188200	158.91	2971.5	0.004325	0.000000	0
256000	188995	159.78	2984.5	0.004265	0.000000	2
257000	189814	159.61	2997.6	0.004268	0.000000	2
258000	190629	160.18	3010.6	0.004255	0.000000	2
259000	191438	160.34	3023.6	0.004260	0.000000	1
260000	192270	159.66	3036.7	0.004340	0.000000	1
170.53 4.45 12.49 14.74 0.65 1.54 2.05 0.0 []
261000	193066	156.06	3054.0	0.004161	0.000000	2
262000	193840	157.75	3066.7	0.004226	0.000000	2
263000	194631	158.40	3079.5	0.004182	0.000000	0
264000	195411	158.18	3092.3	0.004200	0.000000	1
265000	196210	157.59	3105.2	0.004335	0.000000	1
266000	197046	158.43	3118.5	0.004278	0.000000	2
267000	197835	156.79	3131.2	0.004212	0.000000	1
268000	198591	158.43	3143.9	0.004337	0.000000	0
269000	199365	157.96	3156.8	0.004360	0.000000	0
270000	200188	159.52	3169.7	0.004287	0.000000	0
170.66 4.33 11.37 14.07 1.03 1.95 1.47 0.0 []
271000	201026	158.18	3187.2	0.004083	0.000000	0
272000	201848	158.84	3200.3	0.003980	0.000000	1
273000	202676	159.95	3213.4	0.004053	0.000000	1
274000	203448	158.80	3226.2	0.004022	0.000000	2
275000	204219	159.54	3239.0	0.003945	0.000000	1
276000	204980	158.54	3251.8	0.003975	0.000000	0
277000	205757	159.18	3264.6	0.003925	0.000000	2
278000	206562	158.99	3277.5	0.003902	0.000000	1
279000	207366	159.10	3290.5	0.003986	0.000000	1
280000	208165	159.16	3303.4	0.004013	0.000000	0
179.74 4.42 12.93 15.36 0.77 1.84 1.85 0.0 []
281000	208926	155.97	3320.8	0.004028	0.000000	2
282000	209710	156.24	3333.5	0.004111	0.000000	1
283000	210533	156.90	3346.4	0.004205	0.000000	1
284000	211255	157.17	3358.9	0.004228	0.000000	0
285000	212004	156.88	3371.5	0.004219	0.000000	0
286000	212767	157.51	3384.2	0.004259	0.000000	0
287000	213589	157.59	3397.0	0.004194	0.000000	1
288000	214406	156.99	3409.9	0.004153	0.000000	1
289000	215221	158.77	3422.8	0.004216	0.000000	0
290000	216042	157.63	3435.6	0.004186	0.000000	3
191.7 4.58 14.39 16.61 0.57 1.34 2.17 0.0 []
291000	216829	158.60	3453.7	0.004124	0.000000	0
292000	217613	156.76	3466.4	0.004069	0.000000	0
293000	218396	157.08	3479.2	0.004082	0.000000	2
294000	219223	157.61	3492.2	0.004053	0.000000	2
295000	219983	157.64	3505.0	0.004083	0.000000	0
296000	220798	158.81	3518.0	0.004116	0.000000	0
297000	221585	158.07	3530.9	0.004171	0.000000	0
298000	222370	157.62	3543.7	0.004117	0.000000	1
299000	223211	158.34	3556.7	0.004177	0.000000	1
300000	223975	157.92	3569.5	0.004168	0.000000	1
178.71 4.75 12.43 14.73 0.5 1.3 2.29 0.0 []
301000	224784	159.23	3587.1	0.004193	0.000000	0
302000	225541	157.84	3599.7	0.004334	0.000000	0
303000	226344	158.88	3612.6	0.004322	0.000000	0
304000	227091	159.34	3625.1	0.004305	0.000000	1
305000	227873	159.16	3637.9	0.004424	0.000000	2
306000	228694	158.70	3650.7	0.004432	0.000000	0
307000	229479	159.07	3663.4	0.004426	0.000000	0
308000	230237	159.31	3676.2	0.004443	0.000000	1
309000	231017	159.52	3688.9	0.004433	0.000000	2
310000	231830	159.37	3701.7	0.004397	0.000000	0
182.28 4.64 12.11 14.76 0.81 1.82 1.83 0.0 []
311000	232604	160.17	3719.2	0.003853	0.000000	1
312000	233348	159.87	3731.9	0.003883	0.000000	0
313000	234144	159.74	3744.9	0.003833	0.000000	1
314000	234976	159.79	3758.0	0.003756	0.000000	0
315000	235758	160.28	3770.8	0.003920	0.000000	1
316000	236539	160.72	3783.6	0.003902	0.000000	0
317000	237284	160.24	3796.4	0.003831	0.000000	1
318000	238098	160.61	3809.5	0.003863	0.000000	1
319000	238868	159.94	3822.4	0.003870	0.000000	1
320000	239648	160.24	3835.2	0.003926	0.000000	0
176.2 4.38 13.44 15.22 0.41 0.95 2.42 0.0 []
321000	240407	156.72	3853.1	0.003793	0.000000	0
322000	241165	157.47	3865.8	0.003871	0.000000	2
323000	241922	156.49	3878.4	0.003870	0.000000	1
324000	242660	157.05	3891.0	0.003855	0.000000	1
325000	243473	156.60	3903.7	0.003949	0.000000	1
326000	244245	158.15	3916.5	0.003873	0.000000	0
327000	245010	157.75	3929.1	0.003984	0.000000	1
328000	245800	158.19	3942.0	0.003951	0.000000	2
329000	246591	157.49	3954.7	0.003914	0.000000	1
330000	247375	158.48	3967.5	0.004014	0.000000	2
203.14 5.36 14.46 17.0 0.22 0.63 2.69 0.0 []
331000	248165	158.72	3985.6	0.003864	0.000000	0
332000	248955	157.71	3998.4	0.003890	0.000000	1
333000	249734	157.79	4011.1	0.003851	0.000000	0
334000	250507	159.19	4023.7	0.003829	0.000000	2
335000	251306	158.39	4036.7	0.003815	0.000000	0
336000	252060	158.33	4049.6	0.003814	0.000000	0
337000	252848	159.04	4062.4	0.003785	0.000000	2
338000	253594	158.50	4075.0	0.003841	0.000000	0
339000	254358	160.03	4087.7	0.003863	0.000000	0
340000	255168	158.48	4100.7	0.003770	0.000000	0
183.52 4.88 12.71 15.38 0.64 1.7 2.08 0.0 []
341000	255957	156.03	4118.2	0.003734	0.000000	1
342000	256774	155.99	4130.9	0.003766	0.000000	0
343000	257595	157.40	4143.7	0.003744	0.000000	0
344000	258366	157.88	4156.4	0.003729	0.000000	2
345000	259159	156.17	4169.0	0.003735	0.000000	0
346000	259957	155.99	4181.7	0.003697	0.000000	2
347000	260773	157.36	4194.6	0.003683	0.000000	1
348000	261497	156.05	4207.0	0.003689	0.000000	0
349000	262270	155.59	4219.6	0.003631	0.000000	0
350000	263044	157.43	4232.4	0.003668	0.000000	0
176.29 3.99 11.79 14.26 1.19 2.12 1.33 0.0 []
351000	263862	157.02	4249.9	0.003754	0.000000	0
352000	264649	156.27	4262.6	0.003713	0.000000	0
353000	265452	155.61	4275.3	0.003706	0.000000	0
354000	266257	157.43	4288.1	0.003740	0.000000	0
355000	267027	156.51	4300.8	0.003748	0.000000	1
356000	267812	156.85	4313.5	0.003752	0.000000	1
357000	268581	156.87	4326.1	0.003791	0.000000	0
358000	269316	155.84	4338.6	0.003715	0.000000	1
359000	270059	156.26	4351.2	0.003689	0.000000	1
360000	270841	156.18	4363.9	0.003684	0.000000	1
169.21 4.17 11.24 13.83 1.11 2.0 1.39 0.0 []
361000	271614	155.24	4380.9	0.003746	0.000000	0
362000	272435	154.47	4393.5	0.003882	0.000000	0
363000	273202	155.03	4406.3	0.003992	0.000000	0
364000	273970	155.94	4418.8	0.003963	0.000000	0
365000	274694	156.19	4431.3	0.004030	0.000000	1
366000	275414	155.41	4443.9	0.004074	0.000000	3
367000	276206	155.63	4456.5	0.004055	0.000000	0
368000	276986	155.71	4469.2	0.004041	0.000000	2
369000	277751	156.68	4481.8	0.004026	0.000000	2
370000	278532	155.90	4494.5	0.004041	0.000000	0
168.88 4.35 12.45 15.09 1.02 1.95 1.56 0.0 []
371000	279295	155.47	4511.7	0.003974	0.000000	2
372000	280100	154.53	4524.4	0.004021	0.000000	1
373000	280908	154.97	4537.3	0.003949	0.000000	0
374000	281675	155.80	4549.9	0.003971	0.000000	0
375000	282461	156.29	4562.5	0.003902	0.000000	2
376000	283209	155.42	4575.0	0.003954	0.000000	2
377000	284002	156.41	4587.7	0.003894	0.000000	0
378000	284784	157.08	4600.3	0.003970	0.000000	0
379000	285536	155.61	4612.8	0.003959	0.000000	0
380000	286322	156.58	4625.5	0.003992	0.000000	0
175.29 5.07 12.65 15.43 0.59 1.38 2.15 0.0 []
381000	287103	155.25	4643.0	0.003750	0.000000	0
382000	287862	155.19	4655.6	0.003767	0.000000	0
383000	288638	156.08	4668.2	0.003815	0.000000	1
384000	289397	156.18	4680.7	0.003847	0.000000	2
385000	290187	155.33	4693.3	0.003928	0.000000	2
386000	290978	157.63	4706.1	0.003917	0.000000	0
387000	291746	156.79	4718.7	0.003903	0.000000	0
388000	292557	156.79	4731.5	0.003985	0.000000	0
389000	293317	156.79	4744.7	0.003948	0.000000	1
390000	294137	156.30	4757.5	0.004002	0.000000	1
167.95 4.61 11.42 14.01 0.8 1.76 1.86 0.0 []
391000	294907	156.19	4774.7	0.003723	0.000000	0
392000	295669	155.12	4787.1	0.003642	0.000000	2
393000	296427	156.97	4799.7	0.003582	0.000000	2
394000	297255	157.51	4812.5	0.003543	0.000000	0
395000	298052	157.68	4825.3	0.003653	0.000000	0
396000	298827	156.96	4838.2	0.003640	0.000000	3
397000	299637	156.75	4850.9	0.003629	0.000000	0
398000	300397	156.70	4863.6	0.003655	0.000000	1
399000	301152	157.84	4876.2	0.003740	0.000000	1
400000	301951	158.04	4889.1	0.003643	0.000000	1
173.68 4.61 11.91 14.7 0.89 2.03 1.7 0.0 []
401000	302797	157.87	4906.7	0.003786	0.000000	1
402000	303557	156.65	4919.3	0.003806	0.000000	1
403000	304313	157.26	4931.9	0.003922	0.000000	0
404000	305125	157.74	4944.7	0.003822	0.000000	1
405000	305890	157.88	4957.4	0.003940	0.000000	0
406000	306708	157.23	4970.1	0.003918	0.000000	0
407000	307508	158.11	4983.0	0.003901	0.000000	1
408000	308318	157.72	4995.8	0.003926	0.000000	0
409000	309130	155.94	5008.6	0.003930	0.000000	0
410000	309898	157.70	5021.2	0.003949	0.000000	0
179.15 4.14 12.29 14.95 1.22 2.07 1.28 0.0 []
411000	310683	157.47	5038.5	0.003864	0.000000	0
412000	311473	157.59	5051.2	0.003799	0.000000	0
413000	312293	158.11	5064.1	0.003686	0.000000	2
414000	313042	158.07	5076.7	0.003694	0.000000	2
415000	313834	156.85	5089.4	0.003754	0.000000	1
416000	314598	158.25	5102.2	0.003720	0.000000	1
417000	315412	158.73	5115.1	0.003707	0.000000	1
418000	316202	157.84	5127.9	0.003760	0.000000	0
419000	317011	158.31	5140.8	0.003697	0.000000	0
420000	317798	158.09	5153.5	0.003712	0.000000	0
169.17 4.22 11.96 14.16 0.83 1.68 1.84 0.0 []
421000	318559	158.37	5170.6	0.003863	0.000000	0
422000	319338	157.22	5183.2	0.003854	0.000000	0
423000	320110	157.57	5195.9	0.003914	0.000000	0
424000	320922	157.30	5208.6	0.003859	0.000000	2
425000	321731	157.97	5221.4	0.003931	0.000000	0
426000	322536	157.51	5234.1	0.003883	0.000000	0
427000	323283	156.85	5246.7	0.003870	0.000000	0
428000	324063	156.82	5259.4	0.003929	0.000000	0
429000	324885	157.35	5272.2	0.003915	0.000000	1
430000	325678	156.94	5285.0	0.003874	0.000000	1
172.19 4.16 11.71 14.4 1.19 2.11 1.31 0.0 []
431000	326471	158.12	5302.3	0.003634	0.000000	2
432000	327287	158.81	5315.2	0.003550	0.000000	1
433000	328062	158.04	5328.0	0.003497	0.000000	0
434000	328857	158.40	5340.8	0.003582	0.000000	1
435000	329697	159.29	5353.8	0.003546	0.000000	2
436000	330464	159.52	5366.6	0.003578	0.000000	0
437000	331293	158.36	5379.8	0.003639	0.000000	1
438000	332087	157.85	5392.6	0.003591	0.000000	2
439000	332865	157.92	5405.3	0.003605	0.000000	1
440000	333678	159.96	5418.3	0.003580	0.000000	0
167.88 4.36 12.62 14.55 0.55 1.43 2.21 0.0 []
441000	334529	156.68	5435.9	0.003756	0.000000	3
442000	335362	156.80	5449.1	0.003757	0.000000	2
443000	336133	156.91	5461.8	0.003773	0.000000	2
444000	336879	155.98	5474.4	0.003852	0.000000	1
445000	337620	157.57	5486.9	0.003904	0.000000	1
446000	338461	156.76	5499.8	0.003842	0.000000	1
447000	339240	157.00	5512.5	0.003867	0.000000	0
448000	340007	158.56	5525.3	0.003967	0.000000	2
449000	340798	158.43	5538.2	0.003917	0.000000	0
450000	341552	158.96	5550.9	0.003948	0.000000	0
188.49 4.89 12.98 15.76 0.71 1.82 1.97 0.0 []
451000	342345	158.16	5568.7	0.003931	0.000000	0
452000	343161	157.80	5581.5	0.003884	0.000000	1
453000	343921	157.06	5594.3	0.003872	0.000000	0
454000	344691	157.40	5607.1	0.003766	0.000000	0
455000	345527	157.97	5620.1	0.003854	0.000000	0
456000	346299	157.91	5633.4	0.003878	0.000000	0
457000	347090	156.88	5646.3	0.003909	0.000000	0
458000	347840	157.59	5659.0	0.003844	0.000000	0
459000	348599	157.65	5671.7	0.003928	0.000000	0
460000	349437	157.85	5684.8	0.003914	0.000000	2
174.55 4.14 12.73 14.68 0.69 1.59 2.02 0.0 []
461000	350168	153.58	5701.7	0.003721	0.000000	0
462000	350967	155.57	5714.5	0.003668	0.000000	0
463000	351753	154.18	5727.2	0.003671	0.000000	0
464000	352523	154.81	5739.8	0.003672	0.000000	1
465000	353311	154.88	5752.5	0.003681	0.000000	1
466000	354077	156.68	5765.1	0.003708	0.000000	2
467000	354859	154.92	5777.8	0.003712	0.000000	0
468000	355635	156.43	5790.8	0.003740	0.000000	0
469000	356443	156.12	5803.5	0.003786	0.000000	1
470000	357217	154.39	5816.2	0.003769	0.000000	0
175.28 4.81 12.66 15.21 0.67 1.63 2.06 0.0 []
471000	357969	155.34	5833.6	0.003794	0.000000	1
472000	358776	156.47	5846.4	0.003636	0.000000	2
473000	359553	156.69	5859.5	0.003670	0.000000	0
474000	360358	155.63	5872.3	0.003618	0.000000	1
475000	361161	156.51	5885.2	0.003597	0.000000	3
476000	361953	157.06	5898.0	0.003650	0.000000	1
477000	362675	156.62	5910.6	0.003628	0.000000	1
478000	363467	157.01	5923.5	0.003584	0.000000	1
479000	364259	155.48	5936.3	0.003592	0.000000	0
480000	365049	156.92	5949.1	0.003568	0.000000	0
186.57 4.97 13.5 16.21 0.63 1.77 2.09 0.0 []
481000	365799	155.60	5966.8	0.003715	0.000000	1
482000	366582	156.89	5979.5	0.003744	0.000000	1
483000	367397	156.60	5992.4	0.003863	0.000000	1
484000	368233	156.88	6005.3	0.003908	0.000000	0
485000	369074	156.15	6018.3	0.003960	0.000000	1
486000	369835	158.13	6031.0	0.004044	0.000000	0
487000	370666	158.11	6044.0	0.004007	0.000000	1
488000	371469	157.60	6056.9	0.004031	0.000000	2
489000	372259	158.11	6069.8	0.004044	0.000000	0
490000	373061	157.36	6082.7	0.004040	0.000000	1
191.07 4.64 13.58 16.09 0.7 1.63 1.95 0.0 []
491000	373858	157.26	6100.5	0.003772	0.000000	1
492000	374645	158.72	6113.3	0.003593	0.000000	0
493000	375490	159.13	6126.4	0.003578	0.000000	2
494000	376308	157.50	6139.3	0.003617	0.000000	0
495000	377125	158.30	6152.4	0.003651	0.000000	0
496000	377910	158.05	6165.3	0.003577	0.000000	0
497000	378712	157.29	6178.1	0.003547	0.000000	0
498000	379496	157.84	6191.0	0.003562	0.000000	1
499000	380313	157.41	6204.0	0.003536	0.000000	1
500000	381065	157.60	6216.7	0.003561	0.000000	1
189.4 4.88 13.94 16.39 0.5 1.05 2.26 0.0 []

