Model code is 0_50_9303
Params:
general config model_type: VRPSCD, operation: train, trials: 100000, code: 0_50_9303, base_address: Models/Min/VRPSCD/, nb: 15, instance_count: None, start_train_trial: 0
instance config n: 0, m: 0, capacity: [50], duration_limit: 103.05, real_duration_limit: [103.05], density_class: 0, stoch_type: None, depot: [50, 50]
rl config nb: 15, generalized: 1, preempt_action: 1, trials: 100000, gama: 0.999, lr: 0.0005, memory_size: 100000, batch_size: 128, update_freq: 15, replace_target_iter: 10000, test_every: 10000, net_struct: 4, ep_max: 500000, update_prob: 0.04, lr_decay: [100000.0, 2000000.0, 0.001, 0.0001, 10000.0], q_steps: 1, use_double_qn: 1

Trials	#trains	reward	time	loss
1000	585	113.57	3.6	0.080547	0.000000	0
2000	1219	116.93	8.0	0.063524	0.000000	0
3000	1843	119.45	13.5	0.056634	0.000000	0
4000	2499	121.38	20.4	0.058552	0.000000	0
5000	3183	124.69	30.1	0.054776	0.000000	0
6000	3834	126.81	41.6	0.050554	0.000000	0
7000	4488	129.45	50.2	0.054439	0.000000	0
8000	5181	129.04	58.9	0.063223	0.000000	1
9000	5873	131.26	68.1	0.054839	0.000000	1
10000	6607	132.10	77.9	0.054996	0.000000	0
130.12 3.06 17.46 12.96 1.07 1.88 1.46 0.0 []
11000	7264	136.35	91.2	0.008669	0.000000	0
12000	7925	138.93	100.8	0.007415	0.000000	0
13000	8660	140.69	111.0	0.006978	0.000000	0
14000	9362	140.31	121.0	0.006654	0.000000	0
15000	10115	142.53	131.4	0.006462	0.000000	1
16000	10803	143.17	141.7	0.006288	0.000000	0
17000	11515	144.07	152.2	0.006229	0.000000	0
18000	12254	144.45	162.8	0.006195	0.000000	2
19000	12954	143.53	173.3	0.006106	0.000000	0
20000	13645	145.12	183.9	0.006104	0.000000	1
132.47 3.0 17.2 12.15 0.74 1.73 1.97 0.0 []
21000	14380	141.84	198.3	0.005966	0.000000	0
22000	15143	144.03	209.3	0.006112	0.000000	0
23000	15875	144.17	220.2	0.006185	0.000000	0
24000	16600	143.87	231.1	0.006203	0.000000	0
25000	17318	145.58	241.9	0.006063	0.000000	0
26000	18035	145.67	252.7	0.006049	0.000000	0
27000	18743	145.57	263.6	0.005821	0.000000	1
28000	19487	147.02	276.1	0.005770	0.000000	1
29000	20213	146.55	288.6	0.005836	0.000000	1
30000	20919	146.87	300.0	0.005742	0.000000	2
143.6 3.11 17.2 12.77 1.14 1.96 1.4 0.0 []
31000	21653	148.05	316.2	0.005590	0.000000	0
32000	22294	147.47	327.9	0.005715	0.000000	0
33000	23041	148.14	339.8	0.005559	0.000000	0
34000	23834	148.44	352.1	0.005582	0.000000	0
35000	24575	148.51	365.3	0.005564	0.000000	0
36000	25355	147.60	378.0	0.005567	0.000000	0
37000	26080	147.75	390.6	0.005578	0.000000	0
38000	26836	149.25	403.9	0.005586	0.000000	2
39000	27589	148.36	415.8	0.005532	0.000000	0
40000	28305	147.99	427.8	0.005490	0.000000	1
143.39 3.55 16.61 12.23 0.82 1.65 1.81 0.0 []
41000	28969	145.58	443.2	0.003922	0.000000	0
42000	29683	146.12	454.5	0.003778	0.000000	0
43000	30378	147.00	465.8	0.003745	0.000000	0
44000	31135	147.30	477.4	0.003746	0.000000	0
45000	31882	147.15	488.8	0.003667	0.000000	0
46000	32523	147.78	500.0	0.003631	0.000000	0
47000	33235	147.71	511.3	0.003564	0.000000	0
48000	33933	147.72	522.6	0.003568	0.000000	0
49000	34617	147.63	534.0	0.003577	0.000000	0
50000	35340	148.74	545.5	0.003488	0.000000	0
148.97 3.69 17.71 13.38 0.81 1.82 1.84 0.0 []
51000	36048	148.41	561.1	0.003387	0.000000	0
52000	36792	149.44	572.7	0.003374	0.000000	0
53000	37501	148.29	584.3	0.003429	0.000000	1
54000	38232	148.85	596.8	0.003436	0.000000	0
55000	38953	148.21	608.8	0.003458	0.000000	0
56000	39704	148.58	621.3	0.003447	0.000000	0
57000	40405	148.15	633.7	0.003406	0.000000	1
58000	41146	149.29	645.8	0.003363	0.000000	0
59000	41884	149.12	657.7	0.003346	0.000000	0
60000	42628	149.50	672.0	0.003297	0.000000	1
144.67 3.4 16.18 12.26 1.21 2.06 1.21 0.0 []
61000	43372	146.82	688.8	0.003330	0.000000	1
62000	44053	148.21	701.7	0.003430	0.000000	1
63000	44757	148.47	715.5	0.003567	0.000000	0
64000	45491	148.68	728.6	0.003521	0.000000	0
65000	46218	147.61	741.4	0.003477	0.000000	1
66000	46934	149.20	753.5	0.003530	0.000000	0
67000	47671	147.51	766.9	0.003453	0.000000	0
68000	48411	147.70	780.7	0.003428	0.000000	0
69000	49111	147.79	793.5	0.003458	0.000000	0
70000	49808	148.57	805.7	0.003483	0.000000	0
147.97 3.23 16.59 12.74 1.44 2.06 0.93 0.0 []
71000	50486	147.74	823.0	0.003291	0.000000	1
72000	51188	147.31	836.7	0.003094	0.000000	0
73000	51900	148.90	848.1	0.003097	0.000000	0
74000	52614	149.06	859.6	0.003091	0.000000	1
75000	53356	149.78	872.6	0.003092	0.000000	0
76000	54082	148.49	886.4	0.003139	0.000000	0
77000	54779	149.53	898.5	0.003041	0.000000	0
78000	55507	148.55	910.6	0.003190	0.000000	2
79000	56226	150.18	923.9	0.003199	0.000000	0
80000	56943	149.01	935.5	0.003111	0.000000	0
156.76 3.82 17.31 13.64 1.12 1.93 1.32 0.0 []
81000	57655	145.00	951.2	0.003262	0.000000	0
82000	58348	144.70	962.7	0.003257	0.000000	0
83000	59090	144.63	974.2	0.003209	0.000000	1
84000	59842	146.72	986.1	0.003228	0.000000	1
85000	60543	146.14	998.2	0.003206	0.000000	0
86000	61313	145.19	1012.0	0.003124	0.000000	2
87000	62026	146.03	1024.7	0.003140	0.000000	1
88000	62742	147.25	1039.4	0.003098	0.000000	0
89000	63429	147.04	1052.2	0.003103	0.000000	0
90000	64131	147.87	1064.0	0.003153	0.000000	0
144.04 3.37 16.28 11.87 0.95 1.95 1.67 0.0 []
91000	64850	146.71	1080.1	0.003088	0.000000	0
92000	65638	148.06	1093.5	0.003110	0.000000	0
93000	66355	148.21	1106.1	0.003193	0.000000	0
94000	67128	147.49	1119.2	0.003193	0.000000	0
95000	67891	147.76	1132.2	0.003204	0.000000	0
96000	68609	147.08	1144.8	0.003249	0.000000	2
97000	69314	148.28	1157.5	0.003243	0.000000	3
98000	70050	147.90	1171.7	0.003186	0.000000	0
99000	70792	147.52	1186.4	0.003152	0.000000	1
100000	71477	148.24	1201.8	0.003128	0.000000	0
137.82 3.02 15.48 10.85 1.05 2.07 1.5 0.0 []

